4.297809691742914828e-01
4.895542557105034276e-01
5.225836373240793087e-01
4.755469874993243917e-01
5.503455431650576823e-01
4.757476296570781749e-01
4.871496447677083896e-01
5.013861536789478990e-01
4.320117841758871480e-01
4.787451336493637744e-01
4.430283456114981755e-01
4.487818585294772178e-01
4.557774174380171406e-01
4.290263369435397545e-01
4.270278434879994367e-01
4.867670319924282674e-01
4.747747587199248609e-01
4.102316095876994972e-01
4.619223906585269157e-01
4.494947790758351269e-01
4.150398095869247683e-01
3.930107994282554529e-01
4.227774287828804378e-01
4.740003231315098042e-01
4.203011957719918756e-01
4.064413054599163022e-01
4.204562199821902935e-01
4.267432939423714267e-01
4.301103211582049113e-01
4.451613034269860103e-01
4.308217580539981939e-01
4.138394977077944903e-01
3.955059034127458295e-01
3.986125576112015678e-01
4.007921082420659031e-01
3.908225077153591465e-01
4.332249402549156470e-01
3.865675709579063368e-01
4.149117437099861250e-01
3.781495126780952121e-01
4.333600359870155017e-01
3.688534611886766790e-01
4.101572468356474710e-01
3.864569995491920484e-01
4.145946436716799188e-01
3.981773733310827179e-01
3.570745267296491221e-01
3.634039343532746713e-01
3.784471367627830762e-01
3.730002815089347168e-01
