6.834888777040385444e-01
6.843913221703914473e-01
6.838728524654812402e-01
6.756239330431037526e-01
6.767633003149631232e-01
6.787272793312613128e-01
6.638715033649680297e-01
6.782253101633968217e-01
6.729870642016178017e-01
6.638228319695310686e-01
6.768751718805943174e-01
6.641494180706823958e-01
6.659643733687559131e-01
6.603202557064357103e-01
6.621067761167698240e-01
6.395592592400413112e-01
6.494664307470384701e-01
6.517450615137945213e-01
6.654915655273685449e-01
6.598837698019417441e-01
6.456399665838180590e-01
6.558698844443522358e-01
6.632940883453282144e-01
6.150502539941158364e-01
6.395519948526626752e-01
6.466711982606980769e-01
6.431684144436776718e-01
6.416228641403894928e-01
6.105110496520876895e-01
5.997059998650899892e-01
6.401268154482386841e-01
6.375980822017319749e-01
6.164950368667659886e-01
6.289716221895902404e-01
6.017018384088915761e-01
5.729208544995096908e-01
5.789399183275304450e-01
5.652448876873822359e-01
5.737684009526725637e-01
5.325758998759865248e-01
5.312143461273032274e-01
4.919728519465963457e-01
4.980904001120791680e-01
5.141405451403842086e-01
5.360815894479584731e-01
4.830510426990312078e-01
4.647546453162862412e-01
4.742753514147394767e-01
4.673722116427374562e-01
4.973625084967388532e-01
5.054724705662589912e-01
4.352717140322019951e-01
4.246209805885191590e-01
4.468049667654277468e-01
4.613474400817762500e-01
4.384255997011223815e-01
3.923378355238920645e-01
3.882669766138614476e-01
4.114644486070536678e-01
4.385982845668090491e-01
3.782589338992636829e-01
3.945566907602181539e-01
3.897302317858458709e-01
4.142906066282345812e-01
3.558221470415782184e-01
3.405581125046051039e-01
3.403695497636479717e-01
3.620214714535520129e-01
3.398744298753120230e-01
3.136954457479984026e-01
3.319685970911316897e-01
3.108370130914638318e-01
3.435655688793644580e-01
2.928105395883168205e-01
2.938997825872634584e-01
3.272162348680216493e-01
3.256701656799206868e-01
2.888442878565387062e-01
2.849119711915151787e-01
3.207164761494596394e-01
3.475405378759969244e-01
3.174057834901230502e-01
3.249294057212239739e-01
3.005677637621224640e-01
2.621919770030251007e-01
2.849119711915151787e-01
2.768870024543251263e-01
2.823726526948282523e-01
3.026691434768395972e-01
2.619861872862843111e-01
2.606088594392930724e-01
2.557924668302883342e-01
2.482570140254564961e-01
2.729222036000228391e-01
2.518263188754727988e-01
2.600743043051872982e-01
2.598359286222051701e-01
2.609751921171019617e-01
2.497952999413660113e-01
2.641084261704744196e-01
5.016719506436766451e-01
4.981315995662122798e-01
4.638337285505990670e-01
4.704169239470529784e-01
4.857033743079374188e-01
4.509409976079410409e-01
4.754666071678748107e-01
4.601499577108877359e-01
4.657161388743313313e-01
4.500097031459986407e-01
4.506513561054581452e-01
4.068505248519881379e-01
4.359298675287073266e-01
4.550529521951421907e-01
4.265217594346231156e-01
4.628505456073805924e-01
4.211101021684195977e-01
4.561519502285687477e-01
4.340820149335049560e-01
4.249085465517509763e-01
4.311534290502850864e-01
4.094679874014767185e-01
4.088823740017953345e-01
4.108511267583709325e-01
4.108043233482599477e-01
3.988841900986400679e-01
4.121462632510208834e-01
3.964983577295676520e-01
3.997409727014700209e-01
4.101725292002428302e-01
4.121710659450708580e-01
3.958230810342411865e-01
4.072126026743323468e-01
4.182267630408725845e-01
4.056192111913076159e-01
3.876817783220302682e-01
4.059593920745533380e-01
4.060659710150943402e-01
4.071496100580632160e-01
3.984827808074885569e-01
4.138020246885394382e-01
3.875603592758443128e-01
3.798561651299028341e-01
3.760555414303579091e-01
3.940709107985118642e-01
3.807497885544388061e-01
3.942937199371111534e-01
3.989398145505679283e-01
3.921286211673871147e-01
3.811212063034127295e-01
3.972307117542976940e-01
3.933663689997457524e-01
3.985103854795273848e-01
3.936468781295240360e-01
4.077148831730844081e-01
3.960521167905936557e-01
4.000355954981553719e-01
3.803446432926354537e-01
3.923502887593982580e-01
3.973821223426611260e-01
3.826642659595996254e-01
4.059522314641372809e-01
3.987331946181267295e-01
3.823764924424427059e-01
3.803706913102360421e-01
3.874594880682437070e-01
3.811981050326638254e-01
4.104212825794801844e-01
3.944628763860710263e-01
3.866977651631113844e-01
3.936381608646696284e-01
3.808646696519839558e-01
3.825396298275746121e-01
3.805843680761307746e-01
3.854143554672298522e-01
4.105538057606591962e-01
3.943462310801625348e-01
3.811938501771991450e-01
3.774998054181952223e-01
3.796139496993062301e-01
3.820172165980874057e-01
3.826202645274775493e-01
3.987895455087925312e-01
3.823920589868254893e-01
3.831753675001686732e-01
3.816589785233576171e-01
3.816030427405420200e-01
4.020425381769501261e-01
3.799545456904022123e-01
3.911803072835861039e-01
3.823973516119156812e-01
3.804625339220946145e-01
3.814859823267833239e-01
3.814561983385308386e-01
3.814137535608470575e-01
3.814031683106667292e-01
3.814436413260620662e-01
3.814454055344254080e-01
3.815036244104171859e-01
3.814269332350911368e-01
6.756030738736308328e-01
6.691346557977594367e-01
6.692765189055680519e-01
6.722741164688850191e-01
6.691758552518926040e-01
6.647737402773958859e-01
6.691041453707691211e-01
6.565004332688186839e-01
6.668441944572724989e-01
6.498304803316712341e-01
6.544020630860154508e-01
6.509262612792585667e-01
6.492244228703669684e-01
6.521909911218808364e-01
6.475641990234587420e-01
6.446802372341363663e-01
6.368516145100948656e-01
6.460598481743037302e-01
6.350444424842129898e-01
5.994809076333144082e-01
6.516351617104518823e-01
6.124849912567909005e-01
6.292134225123364732e-01
6.129973381209105066e-01
6.145038682862791202e-01
6.037755096746073580e-01
5.889844905329465474e-01
6.104232543417686951e-01
6.036646758786017308e-01
5.239830635997114738e-01
5.787875737465040249e-01
4.859259758926116057e-01
5.124053943265134414e-01
5.216288832042175194e-01
5.076380882207959244e-01
4.316364070340025227e-01
4.985168196512056449e-01
4.918239320053341412e-01
3.701621515039876797e-01
5.436226462087681011e-01
4.175505523528831864e-01
4.372021730895958580e-01
3.478831056293812951e-01
4.571233025980562248e-01
3.043092345930126785e-01
3.444994577653707202e-01
3.653741937827221786e-01
3.007652513218590506e-01
2.751028689141297723e-01
2.674599031760939161e-01
3.065055702284649741e-01
2.824791278584067311e-01
2.640236403920693253e-01
2.764704417266410919e-01
2.588067724845761197e-01
2.706958764223930114e-01
2.568214154139922822e-01
2.591323208161020464e-01
2.581972903835078048e-01
2.745994468687895651e-01
2.435171050378526214e-01
2.654765178677985227e-01
2.715652160376917923e-01
2.687489168279533214e-01
2.972212680507054228e-01
2.582760570980847659e-01
2.794059806663518053e-01
2.334759574722007347e-01
2.510329439967621812e-01
2.524345556529906109e-01
2.377335111378625077e-01
2.383214076307200724e-01
2.555340621935336953e-01
2.353329424401077175e-01
2.356173950944630002e-01
2.478878793696587257e-01
2.400785591606519054e-01
2.365558501668214575e-01
2.578059474577238941e-01
2.371325387477233870e-01
2.512248276005210057e-01
2.423533501797935918e-01
2.528514277115623266e-01
2.344200165005370651e-01
2.361201944780277895e-01
2.370510738321200406e-01
2.498544528100207218e-01
2.369866283383751937e-01
2.371710400008302244e-01
2.299761831870942852e-01
2.347134977506343256e-01
2.344365170375828367e-01
2.354266530372922661e-01
2.354769848641300456e-01
2.347397533221600163e-01
2.389764478183488139e-01
2.363228708858920446e-01
2.341178179855853969e-01
2.342687096891361009e-01
2.341592249936436665e-01
4.909920558735166307e-01
4.651328085678260171e-01
5.022941973111388902e-01
4.909993202608952667e-01
4.828948583703903674e-01
4.474885456177583043e-01
4.832677289968400069e-01
4.674261756632644982e-01
4.745259727793027515e-01
4.391416607427317542e-01
4.474319871731674558e-01
4.263836322974662862e-01
4.504523118912832080e-01
4.458464827392967234e-01
4.409161430254098235e-01
4.245737620705579696e-01
4.265832991734165303e-01
4.319359073479278610e-01
4.343214283861125402e-01
4.262415616357324577e-01
4.328228890468605039e-01
4.135583563804671181e-01
4.307895870195775356e-01
4.030322590688093509e-01
3.895589997976348640e-01
4.192032004815251511e-01
4.178535810835352637e-01
4.116768800493978420e-01
4.057813108068140107e-01
4.102538903388837088e-01
4.142553224609668572e-01
4.168086508475983276e-01
3.950470369082767497e-01
4.068384867243320935e-01
4.015313328594185549e-01
3.775063433668359725e-01
3.834392723159385508e-01
4.187841491067397781e-01
4.267482007669117783e-01
3.970436018908162223e-01
3.999970942450485345e-01
3.937710991536989003e-01
3.984135615734663016e-01
3.903474971591056608e-01
3.951937775333254077e-01
4.011917746379480842e-01
4.018296916267557473e-01
3.833322782675473994e-01
3.967863388006496184e-01
3.825624607593360316e-01
3.968177832203029221e-01
4.008904063386968808e-01
3.782927651890556908e-01
4.077184115898111472e-01
3.947206583610504138e-01
3.963852408403858441e-01
3.821203708988641923e-01
3.942427654484981225e-01
3.786957311346453858e-01
3.960931086908017207e-01
3.958875265279860889e-01
3.963377109915370289e-01
3.927791989456260735e-01
3.828868675442738678e-01
3.916030946290233183e-01
3.943463348571250582e-01
3.925134261445301642e-01
3.913498788403962370e-01
3.843968223494066416e-01
3.987875737465039760e-01
3.819856684014715786e-01
3.819746680434410457e-01
3.954285210226181624e-01
3.945426808702736099e-01
3.801316929654786070e-01
3.813198354097374065e-01
4.115443568682188302e-01
3.815067377192936648e-01
3.803196330446604323e-01
3.828576024408341105e-01
3.956591134334089266e-01
3.785535566959490339e-01
3.881966158332512129e-01
3.870905609663710667e-01
3.816906304969360231e-01
3.807426279440226935e-01
3.792131630699301370e-01
3.794747847925239448e-01
3.816580445306946290e-01
3.815036244104171859e-01
4.058342370577155411e-01
3.862310801625147283e-01
3.863281116225009137e-01
3.945618796083457669e-01
3.814359618308331701e-01
3.853150409140674304e-01
3.814383487009718743e-01
3.824086633008338953e-01
3.817494720347030523e-01
3.814269332350911368e-01
