4.792134883297897163e-01
3.085971071069613103e-01
2.594422406865063979e-01
3.478453568267408369e-01
2.520440545496626106e-01
3.677337963492910422e-01
3.159463796825191517e-01
2.985744150401068997e-01
3.922721508992270678e-01
3.551236787538287754e-01
3.440356561202550512e-01
3.972235574063057717e-01
3.596592378445351290e-01
3.775115666344787124e-01
3.515428571428571569e-01
3.342201834862386089e-01
3.301838588523015039e-01
3.853969384122463149e-01
3.634537385045316649e-01
3.782920132750017816e-01
4.029027184260073891e-01
3.895414509994566399e-01
4.053832581069382046e-01
3.623312182276368087e-01
4.470825067281815057e-01
4.384047872255995570e-01
4.074301632119733396e-01
4.088899248761255212e-01
3.946311530935654455e-01
3.893132569913433927e-01
4.114782123440132722e-01
4.060148386857475589e-01
4.255642187517155728e-01
4.409633232556533500e-01
4.292243343455698357e-01
4.538700959416242520e-01
4.226328869324404991e-01
4.617981431294274630e-01
4.520369603673454195e-01
4.602848072923404477e-01
4.441367952675797093e-01
4.801534351532659173e-01
4.667611002083821292e-01
4.742457395057935732e-01
4.635958850305137435e-01
4.930050489759918442e-01
4.994179595788982851e-01
5.092279223954151446e-01
5.062785979018626925e-01
5.075374571883043417e-01
