7.022513984451006497e-02 7.022513984451006497e-02 7.022513984451006497e-02 7.022513984451006497e-02 7.022513984451006497e-02 7.022513984451006497e-02 7.022513984451006497e-02 7.022513984451006497e-02 7.022513984451006497e-02 7.022513984451006497e-02
7.022513984451006497e-02 7.022513984451006497e-02 6.581819472576022623e-02 7.022513984451006497e-02 7.022513984451006497e-02 7.022513984451006497e-02 7.022513984451006497e-02 7.022513984451006497e-02 7.022513984451006497e-02 6.996184652222670053e-02
6.487202904365885203e-02 6.869043232373461816e-02 6.766521363425137547e-02 6.960064709047220077e-02 6.869267519277622025e-02 6.896230705800332483e-02 6.946659503354690735e-02 6.649414344636261909e-02 6.714298270637453214e-02 6.791244931441020594e-02
4.683188571847618498e-02 5.783072046674564426e-02 4.341674379102339332e-02 6.122538402468735708e-02 5.885577662948660027e-02 6.291215156541862807e-02 4.491059208882230980e-02 5.157503365603777201e-02 4.251234748165461097e-02 6.159984563860143592e-02
3.114018880666630240e-02 2.427694452845274853e-02 2.739202958454783898e-02 1.136065178164413769e-02 3.651553326584355830e-02 1.790661135383214697e-02 2.993072980228167479e-02 2.807948519849456925e-02 3.044906008834691313e-02 2.230370735200770671e-02
1.051967340706239096e-02 1.985989024634116085e-02 1.741516299091855347e-02 1.172341147012329055e-02 1.621890115799656806e-02 1.537051156397273299e-02 2.263877248362444750e-02 9.952195034170885357e-03 1.575300199894894004e-02 7.139767277307806914e-03
9.800362551654062671e-05 9.891052473774031295e-03 6.081263111032270130e-03 3.448752457729409304e-03 1.874193379778704704e-03 4.093040968961042525e-03 3.269192913001900402e-03 2.721835350788626151e-03 -8.521309596280973730e-03 1.565717623177698137e-03
-1.120189565991189240e-02 -5.289270296534587246e-03 -5.704103553198641707e-03 -2.793672170818994882e-03 -8.202822192363540266e-03 -4.417509356989590685e-03 1.844613512707399261e-03 -5.383698333723846430e-03 -2.406598481714178339e-03 -3.434320083026465298e-03
-7.580507296670591089e-03 -5.391077047817438572e-03 -1.818306934222957416e-02 -6.237418804890149104e-03 -1.171457001535033959e-02 -1.035357107658493869e-02 -7.446130186260863093e-03 -9.929246258179313944e-03 -9.433117125091761146e-03 -7.082070283844499325e-03
-1.277196899977922628e-02 -1.925210524139639445e-02 -1.651411473243807881e-02 -1.816623157174279690e-02 -2.009756935406153966e-02 -1.092722546567811981e-02 -1.746314088520126151e-02 -1.445314562058042096e-02 -1.594949683020843723e-02 -1.471192069943189074e-02
