1.125479262503342459e-01 1.215064682412450026e-01 9.933298469050305668e-02 1.086119663300955662e-01 1.015251867331003754e-01 1.251096420296803902e-01 1.279280427593997016e-01 1.121651345649277431e-01 1.417830811778305056e-01 1.149419143779702168e-01
1.271489844364008248e-01 1.276671174467483572e-01 1.439377898224494245e-01 1.309254039082866083e-01 1.512796840355055683e-01 1.342028799320689192e-01 1.693263214827214203e-01 1.472543438823391004e-01 1.372951161876719006e-01 1.219607123183344827e-01
1.446274461623625607e-01 1.372464775702214035e-01 1.441015556091137240e-01 1.650559111903221743e-01 1.182540469460639093e-01 1.503664056223935064e-01 1.177895985183810140e-01 1.294922405619693961e-01 1.406858219999060911e-01 1.506043399624638068e-01
1.092162781320812903e-01 1.366224419862778761e-01 1.578344855064705565e-01 1.403369796652584323e-01 1.107643500964392708e-01 1.598397486855727689e-01 1.420546824733558422e-01 1.316972986636592013e-01 1.487733725310826927e-01 1.468776542559030451e-01
1.651390685653165991e-01 1.375594154922984425e-01 1.395247771076190413e-01 1.455474711378684782e-01 1.280879526434358928e-01 1.390530037987417755e-01 1.285978960896335122e-01 1.517085589082690644e-01 1.594673245441051712e-01 1.186051010008472434e-01
1.296207340969844912e-01 1.532038323711547578e-01 1.438564784900001059e-01 1.231945971940214546e-01 1.408337593725056958e-01 1.224892758533773912e-01 1.766685043372111519e-01 1.440794022777824868e-01 1.278209088722219722e-01 1.459856376736872186e-01
1.544919940498798439e-01 1.304759125241010675e-01 1.017677073892817863e-01 1.264576302834805044e-01 1.182400026369532925e-01 1.407232160251302711e-01 1.423989669421824034e-01 1.437606790889285335e-01 1.481869587381010045e-01 1.718249013887321874e-01
1.489338426553917516e-01 1.426480335970697899e-01 1.402865084840863030e-01 1.339623767224372153e-01 1.400070892498969377e-01 1.314915566705457395e-01 1.298112614109995233e-01 1.551478025725223087e-01 1.166310727991374668e-01 1.497337805038129188e-01
1.315240340736704150e-01 1.477108776091292652e-01 1.233688527221104420e-01 1.597707251429190678e-01 1.259020336257065664e-01 1.439824841890489648e-01 1.141519949474268242e-01 1.617015927563379973e-01 1.432975373158598131e-01 1.107136383106230720e-01
1.265481617936372316e-01 1.291216340617512837e-01 1.391108826914023155e-01 1.389170180319638792e-01 1.462446756728674746e-01 1.191922620385458265e-01 1.262154341135424129e-01 1.368138590856696202e-01 1.244022453714826448e-01 1.413893782353301543e-01
