3.730781171757636372e+01
3.009887403237156889e+01
2.506943873355263008e+01
3.079073983341499243e+01
2.234617652012801159e+01
3.157869490451624728e+01
3.225967216004229954e+01
2.878551197322118327e+01
3.569421085243870095e+01
3.238899966766367555e+01
3.627831325301205112e+01
3.611603932790373506e+01
3.343639392817475198e+01
3.879175996417375671e+01
3.487759321800261603e+01
3.089484589484589350e+01
3.075286355415634176e+01
3.844393991123250487e+01
3.567996825396825500e+01
3.783242575824732512e+01
3.864764984409285375e+01
4.210982817450646110e+01
4.020701536375960217e+01
3.670125185656694100e+01
3.958947094207360351e+01
4.411898369618275950e+01
4.149066782573123646e+01
4.081893680878181385e+01
3.887445998545703674e+01
3.705166607585962169e+01
3.977321385614625626e+01
3.974597547752106408e+01
4.399761702815138165e+01
4.420844554159186401e+01
4.462849010571970609e+01
4.560488685270026110e+01
4.165867553594362249e+01
4.832450491845715845e+01
4.637727088049219049e+01
4.778650541449418654e+01
4.495264599855804022e+01
4.962190303728701934e+01
4.699559193954659975e+01
5.003957286432160600e+01
4.766266297339892333e+01
5.029403668663690752e+01
5.363143264605641747e+01
5.485479639186434753e+01
5.428935968593474826e+01
5.330589115904442821e+01
