7.100196399345335863e+01
7.050599018003273954e+01
7.010270049099835887e+01
7.077766775777413955e+01
7.100229132569558033e+01
7.074753682487724404e+01
7.102860065466448702e+01
7.056172667757773809e+01
7.063694762684124839e+01
7.004841243862520628e+01
7.092828968903437215e+01
7.026358428805237111e+01
6.988809328968903856e+01
6.974504909983633638e+01
7.087856792144026485e+01
6.911769230769230887e+01
6.981575286415711901e+01
6.949486088379705961e+01
6.919549099836333994e+01
6.994432896890343443e+01
6.913860065466448646e+01
6.989036824877250353e+01
6.959707855973813651e+01
6.747873977086743480e+01
6.914394435351881896e+01
6.773968903436988853e+01
6.959015548281506369e+01
6.906967266775777148e+01
6.685600654664484921e+01
6.550412438625204459e+01
6.848405073649755082e+01
6.890377250409164844e+01
6.592861702127659385e+01
6.698434533551554182e+01
6.438945171849427140e+01
6.231978723404255049e+01
6.368889525368248883e+01
6.239097381342062221e+01
6.281677577741407248e+01
5.853880523731587715e+01
5.901853518821604183e+01
5.464026186579378219e+01
5.529938625204582792e+01
5.724963175122749703e+01
5.783811783960720021e+01
5.366361702127659328e+01
5.230106382978723190e+01
5.231916530278232358e+01
5.227454991816694019e+01
5.511589198036006820e+01
5.624446808510638363e+01
4.848476268412438372e+01
4.772567103109656017e+01
5.018734860883797211e+01
5.200934533551554750e+01
4.943392798690670986e+01
4.415838788870703979e+01
4.353045826513911720e+01
4.597076923076922839e+01
4.951193126022913304e+01
4.227078559738134089e+01
4.410186579378068927e+01
4.353126841243862799e+01
4.676005728314238752e+01
3.993721767594107774e+01
3.802776595744681032e+01
3.829488543371522269e+01
4.066153846153846274e+01
3.795902618657937921e+01
3.489713584288052317e+01
3.705276595744680890e+01
3.458622749590834644e+01
3.859860065466448731e+01
3.260959083469721520e+01
3.275684942716857506e+01
3.678353518821604240e+01
3.636459901800327543e+01
3.198560556464811810e+01
3.182878887070376450e+01
3.586813420621930959e+01
3.917009001636661480e+01
3.544714402618657800e+01
3.645961538461538254e+01
3.353258592471358668e+01
2.901976268412438742e+01
3.174265139116203116e+01
3.076810147299509168e+01
3.149127659574467941e+01
3.385285597381341915e+01
2.903572831423895195e+01
2.898511456628477845e+01
2.841609656301145748e+01
2.745187397708674482e+01
3.029782324058919940e+01
2.789545826513911564e+01
2.889634206219312773e+01
2.889301145662847858e+01
2.898823240589198136e+01
2.759287234042553294e+01
2.937114566284779116e+01
5.589381342062193170e+01
5.540189034369885235e+01
5.151783960720131006e+01
5.234986088379705649e+01
5.343614566284779244e+01
4.929978723404255447e+01
5.289420621931260058e+01
5.080557283142389480e+01
5.186973813420621582e+01
5.033986088379705137e+01
5.008533551554828023e+01
4.231243044189852753e+01
4.821044189852700157e+01
5.057207037643208025e+01
4.533797872340425528e+01
5.037008183306055997e+01
4.615855155482815064e+01
5.034330605564647954e+01
4.834975450081832804e+01
4.670932078559738443e+01
4.768987725040916814e+01
4.428825695581014799e+01
4.441387888707037490e+01
4.473113747954173647e+01
4.474657937806873775e+01
4.161603927986906371e+01
4.482534369885433989e+01
4.148639116202946298e+01
4.185394435351881981e+01
4.310704582651391092e+01
4.474779869067103277e+01
4.020774959083469469e+01
4.409184124386251824e+01
4.622468903436988796e+01
4.129422258592471451e+01
3.790563829787234340e+01
4.242299509001636437e+01
4.236100654664484466e+01
4.385739770867430565e+01
4.154196399345335777e+01
4.548293780687397714e+01
3.857405891980359769e+01
3.696076104746317270e+01
3.638730769230769369e+01
4.014203764320785695e+01
3.758103927986906712e+01
4.043460720130932629e+01
4.150422258592471536e+01
4.032323240589197866e+01
3.605467266775777091e+01
4.097010638297872021e+01
3.927161211129295992e+01
4.191047463175122800e+01
4.136979541734860533e+01
4.278005728314239065e+01
3.988840425531915201e+01
4.063995908346971930e+01
3.783451718494271887e+01
4.014502454991816904e+01
4.148166939443535028e+01
3.756576923076922725e+01
4.396500000000000341e+01
4.094529459901800550e+01
3.616574468085106275e+01
3.613265957446808585e+01
3.722962356792144334e+01
3.613280687397708846e+01
4.411321603927986956e+01
3.921114566284779102e+01
3.901076923076922753e+01
3.952737315875613433e+01
3.714554828150572519e+01
3.738749590834697045e+01
3.612338788870703610e+01
3.725545826513911862e+01
4.392321603927987184e+01
3.932782324058919698e+01
3.578304418985270274e+01
3.564008183306055599e+01
3.553220949263502604e+01
3.614873158756137173e+01
3.614403436988543206e+01
4.218644026186579055e+01
3.689584288052373040e+01
3.748916530278232528e+01
3.603783960720130608e+01
3.614623567921439928e+01
4.225293780687398026e+01
3.598159574468085253e+01
3.800341243862520457e+01
3.614470540098199791e+01
3.604388707037643513e+01
3.612294599018003538e+01
3.610607201309328929e+01
3.611896890343698630e+01
3.611404255319148859e+01
3.611139116202946298e+01
3.615203764320785496e+01
3.610958265139116463e+01
3.611797054009819874e+01
6.986577741407528208e+01
6.962981178396071869e+01
6.962650572831424256e+01
7.002991816693943861e+01
6.856341243862520685e+01
7.015003273322422217e+01
6.897751227495908211e+01
6.899743862520458038e+01
6.942244680851064231e+01
6.686460720130932600e+01
6.867524549918167054e+01
6.774557283142389963e+01
6.788557283142390020e+01
6.701569558101472524e+01
6.798679214402618243e+01
6.763748772504091278e+01
6.704234860883796898e+01
6.729472995090016241e+01
6.651725859247136441e+01
6.263415711947627074e+01
6.710891162029460588e+01
6.424758592471359009e+01
6.441172667757774661e+01
6.446704582651391036e+01
6.329070376432078859e+01
6.346030278232405664e+01
6.027334697217676052e+01
6.270902618657937921e+01
6.336040916530278366e+01
5.671351063829786909e+01
5.807860065466448418e+01
5.200128477905073510e+01
5.410396072013093516e+01
5.700433715220949438e+01
5.597202127659574700e+01
4.663274959083469895e+01
5.459533551554827824e+01
5.276770867430441569e+01
4.080432078559738329e+01
5.835481178396072011e+01
4.609730769230769454e+01
4.703001636661210938e+01
3.824308510638297776e+01
5.029564648117839454e+01
3.356021276595744496e+01
3.796079378068739629e+01
4.030796235679214590e+01
3.329359247135842992e+01
3.023082651391161946e+01
2.946909983633387853e+01
3.398452536824877512e+01
3.100520458265139112e+01
2.907810965630114453e+01
3.049588379705400953e+01
2.842121931260228962e+01
2.977145662847790675e+01
2.828533551554828307e+01
2.852014729950900218e+01
2.836907528641571119e+01
3.035900163666121188e+01
2.662078559738134231e+01
2.923978723404255220e+01
2.997376432078559816e+01
2.967838788870703937e+01
3.290419803600654802e+01
2.836551554828150401e+01
3.082782324058919698e+01
2.557652209492635009e+01
2.761554009819967348e+01
2.784094108019639791e+01
2.610977905073649907e+01
2.617959083469721904e+01
2.809771685761047522e+01
2.576262684124386126e+01
2.587333878887070426e+01
2.729092471358428895e+01
2.640468085106383000e+01
2.591428805237315913e+01
2.838166939443535242e+01
2.603446808510638277e+01
2.771438625204582706e+01
2.665911620294599160e+01
2.774181669394435445e+01
2.574528641571194854e+01
2.590351882160392805e+01
2.598703764320785581e+01
2.762680851063829834e+01
2.607201309328969074e+01
2.607624386252045667e+01
2.520397708674304482e+01
2.581681669394435374e+01
2.575294599018003439e+01
2.585537643207856107e+01
2.588665302782323963e+01
2.577839607201309491e+01
2.631593289689034521e+01
2.598256137479541650e+01
2.573855973813420661e+01
2.574011456628477745e+01
2.573585924713584205e+01
5.453846972176759067e+01
5.177200490998363591e+01
5.606350245499181995e+01
5.439921440261866081e+01
5.377145662847790675e+01
4.956627659574468225e+01
5.362801145662847802e+01
5.164177577741407532e+01
5.265590834697217559e+01
4.892452536824877285e+01
4.969767594108019892e+01
4.630359247135842793e+01
5.001319148936170222e+01
4.938274140752864128e+01
4.881350245499181995e+01
4.577422258592471138e+01
4.625063011456628459e+01
4.766585106382978410e+01
4.809172667757773922e+01
4.705189852700490860e+01
4.654236497545008433e+01
4.474762684124386425e+01
4.761562193126022891e+01
4.226635024549918285e+01
3.885952536824877512e+01
4.553083469721767784e+01
4.351592471358429037e+01
4.449959083469721577e+01
4.367268412438625091e+01
4.457432896890343699e+01
4.342612111292962140e+01
4.424184124386252392e+01
3.915371522094926604e+01
4.436139934533551354e+01
4.069463175122749732e+01
3.764643207855974083e+01
3.835983633387888858e+01
4.597198036006546573e+01
4.653819148936170080e+01
4.027950081833060381e+01
4.193265957446808301e+01
4.019726677577741469e+01
4.166453355155482541e+01
4.008522913256955889e+01
3.959460720130932998e+01
4.188989361702127923e+01
4.227992635024549628e+01
3.756889525368248428e+01
4.146166121112929659e+01
3.813294599018003339e+01
4.118810965630114396e+01
4.224611292962357112e+01
3.732059738134206128e+01
4.426144844517185106e+01
3.946418985270049262e+01
4.144738134206219371e+01
3.750758592471358099e+01
4.161080196399345255e+01
3.675512274959083214e+01
3.880301145662847517e+01
4.050495908346972129e+01
3.964209492635024645e+01
3.939810965630114481e+01
3.756104746317512166e+01
3.977297054009819988e+01
4.051535188216039529e+01
4.046841243862520798e+01
3.923581833060556789e+01
3.742132569558101807e+01
4.138381342062193369e+01
3.614893617021276384e+01
3.587068739770867154e+01
4.002247954173486022e+01
3.987294599018003538e+01
3.595090016366611962e+01
3.615509001636661424e+01
4.467459901800327060e+01
3.614801145662848114e+01
3.585952536824877512e+01
3.637287234042553052e+01
3.980398527004909681e+01
3.549423076923076792e+01
3.814632569558101238e+01
3.798725859247135617e+01
3.604871522094926206e+01
3.599680032733224522e+01
3.618797872340425670e+01
3.583996726677577982e+01
3.609047463175122772e+01
3.610981996726677323e+01
4.174552373158756069e+01
3.733499181669394318e+01
3.712806873977086752e+01
3.865990998363339060e+01
3.614700490998363591e+01
3.731927986906710260e+01
3.610761047463174833e+01
3.616064648117839653e+01
3.613029459901800067e+01
3.611797054009819874e+01
