3.995621030904405457e-01
4.581744125852255656e-01
4.982409231576588882e-01
4.456173553093519812e-01
5.230953642963023231e-01
4.400101685128112727e-01
4.449828713024533977e-01
4.723107568294006575e-01
4.095450034733478795e-01
4.470029651280814087e-01
4.078522986166285835e-01
4.130561615204318970e-01
4.351975840665317508e-01
3.904735859329789838e-01
4.145765996440762269e-01
4.537008732404314015e-01
4.516258192625939305e-01
3.911977661780767779e-01
4.270868805947933278e-01
4.077677186215349914e-01
3.951627395450116320e-01
3.732653013457103985e-01
3.905819867352406383e-01
4.227478584941182227e-01
3.966054244999590583e-01
3.742959599420221939e-01
3.856836039644155889e-01
3.914835934704896103e-01
4.023977483622294127e-01
4.172219697748022482e-01
4.021713178906779484e-01
3.924200133036902516e-01
3.707181524845684639e-01
3.759101469660344752e-01
3.696586184497082650e-01
3.644549029855632116e-01
3.971095331838326858e-01
3.567451391408574812e-01
3.738089613482640794e-01
3.555043429492629192e-01
3.851602904547603567e-01
3.505681121148476742e-01
3.713642812593191955e-01
3.554845430356667890e-01
3.739201786544367745e-01
3.594932257963782685e-01
3.378071422293624781e-01
3.383440871318472154e-01
3.469326061652192039e-01
3.486310407496645558e-01
