5.049929431166073623e-01 5.021482371683425594e-01 5.567749048064353223e-01 5.052544136844494549e-01 5.220297186235173248e-01 5.350379522778873076e-01 5.454182935778338903e-01 5.127229412655583962e-01 5.371295477541735419e-01 5.290242391199972971e-01
4.430855353736478097e-01 4.504930299004454852e-01 4.308078551574450188e-01 4.288988999991644735e-01 4.423107850093022653e-01 4.227786484279916213e-01 4.492490434980792036e-01 4.486444399503624059e-01 4.200595342019841083e-01 4.466967911750149844e-01
3.604314407415941668e-01 3.806742654148884131e-01 3.975931103223151464e-01 3.688868428886177830e-01 3.845523266028824105e-01 3.841090730798754072e-01 3.760026634270497436e-01 4.024440227805968773e-01 3.834158442700836833e-01 3.792950784116649321e-01
3.477914870882718446e-01 3.434441601192385618e-01 3.405990971745864182e-01 3.475867800724474210e-01 3.626479493251932862e-01 3.515621749387823347e-01 3.265096972368339845e-01 3.386200534015613717e-01 3.363188023651378367e-01 3.596874939106887714e-01
3.131229341762725160e-01 2.964959347566729075e-01 2.973103794195028904e-01 3.181368907315271222e-01 3.111335496626548291e-01 2.974499589888154882e-01 3.154890462074729784e-01 3.122942308612049467e-01 3.095432445642134489e-01 3.248944108616654836e-01
2.846465768618463565e-01 2.902312165694210244e-01 2.912661080440100969e-01 3.032369952516493772e-01 3.026546683861650044e-01 3.014440777300126384e-01 2.896817739345772802e-01 2.940757581945978028e-01 2.762521605074172992e-01 2.919590617489010165e-01
2.753324478000728770e-01 2.672294525003449106e-01 2.581235060801781445e-01 2.641923280918027084e-01 2.735539480040676263e-01 2.660374556401344792e-01 2.680498017033687841e-01 2.641956691435740079e-01 2.747357103910293419e-01 2.678802123249649503e-01
2.413889768140487502e-01 2.441681265325447714e-01 2.515000052136155961e-01 2.485914308953025564e-01 2.526054830533392415e-01 2.482072416175943597e-01 2.456109167616943034e-01 2.564231881725675399e-01 2.542109292627450223e-01 2.573904818786437732e-01
2.428113102509110166e-01 2.391469843751537760e-01 2.326203350783435375e-01 2.384456135263023635e-01 2.299928021402653233e-01 2.376533745869866820e-01 2.409382159243013410e-01 2.410632395913056003e-01 2.432940856723646017e-01 2.338588259826406002e-01
2.251813717328734199e-01 2.241123448791414452e-01 2.183913741443325451e-01 2.264139710480786438e-01 2.194649336147718732e-01 2.236656551294776141e-01 2.274085936897596028e-01 2.310793799254481362e-01 2.349846087380929593e-01 2.227555084840265598e-01
2.160135841725745187e-01 2.065374391628309603e-01 2.169622891060919434e-01 2.104807218713539985e-01 2.174602554036529911e-01 2.097287769382417677e-01 2.137341758615051435e-01 2.066031983743118750e-01 2.157531435644843842e-01 2.068774477444537963e-01
2.023992805800294836e-01 2.042210531976470234e-01 1.973494851772370495e-01 2.151561986198557708e-01 1.932174341327745348e-01 2.166409459212989830e-01 2.065194911292589086e-01 1.959038264870266999e-01 2.020067013623629559e-01 2.047731589276565178e-01
2.030690252348532066e-01 1.937971007554646630e-01 1.949138925516165077e-01 2.013505000850820403e-01 1.905911115478798323e-01 2.017482305991006586e-01 1.924979514480944509e-01 2.004222292817228745e-01 1.944068192982825183e-01 2.004938162841940208e-01
1.915061641948646032e-01 1.927011309903526037e-01 1.865062423118958035e-01 1.784365940014992769e-01 1.891075173361885797e-01 1.917521309541219965e-01 1.977713204362515353e-01 1.875504704519382893e-01 1.904352617242495715e-01 1.995852589746825168e-01
1.898616676065701114e-01 1.827685383570877564e-01 1.872285405109129219e-01 1.906721589503825309e-01 1.840584948197596937e-01 1.834888770281773718e-01 1.843069363423384122e-01 1.896682436681866590e-01 1.852170238647465050e-01 1.858344763136490496e-01
1.789998189573638043e-01 1.829376236239646514e-01 1.819057898239364313e-01 1.883729388561905527e-01 1.810863659751830446e-01 1.817936756039344459e-01 1.766323521608129665e-01 1.843856550279742712e-01 1.814754498666467375e-01 1.719969143735536332e-01
1.718720406241007748e-01 1.760849662389928627e-01 1.802244970097905685e-01 1.749823804330599419e-01 1.775349705438024339e-01 1.727845928353946570e-01 1.745781233597574755e-01 1.723945006309759720e-01 1.750945995824557955e-01 1.781523138288082231e-01
1.702072084855465461e-01 1.711035576494100985e-01 1.681613108245101906e-01 1.747472676370112332e-01 1.703407847388800911e-01 1.676090593464110712e-01 1.668032069247085969e-01 1.735622440375979847e-01 1.724862176313904649e-01 1.736250747847129239e-01
1.666938238711056230e-01 1.672835305483597046e-01 1.641349796593367383e-01 1.700316233373920238e-01 1.724757699148346812e-01 1.685918618778787792e-01 1.700303357934752624e-01 1.661980964999953958e-01 1.710991579806482310e-01 1.707029912112270065e-01
1.668112302724415463e-01 1.625992452852398906e-01 1.687823709351493895e-01 1.697619195207542286e-01 1.607373113039258505e-01 1.592544542139932850e-01 1.648849727237574336e-01 1.661062996907781975e-01 1.634351415529530227e-01 1.649596714045909740e-01
1.619338230706831028e-01 1.600589972335703381e-01 1.595885221896726491e-01 1.636464731026052444e-01 1.565705405830747077e-01 1.634146471944052936e-01 1.606409534402316042e-01 1.578582866051584654e-01 1.604713154239290895e-01 1.660072605395639112e-01
1.614014427197526524e-01 1.607024748252770807e-01 1.583460650361546151e-01 1.641263989122067612e-01 1.599471437196000045e-01 1.662150726122426370e-01 1.567651374886678828e-01 1.639043387175168620e-01 1.585377786412287826e-01 1.642625375404520027e-01
1.565910339015258446e-01 1.571767725104110391e-01 1.569860625688050404e-01 1.587194437623730969e-01 1.621959978933748270e-01 1.576157802517939577e-01 1.557584752545839168e-01 1.531531570454654489e-01 1.557545218022452216e-01 1.618892963553230091e-01
1.515522337701538380e-01 1.498018135374219184e-01 1.573944208128943145e-01 1.520251545826379058e-01 1.525623558320625406e-01 1.573147940128817035e-01 1.560170420082279408e-01 1.590150585590844323e-01 1.584030221258699578e-01 1.524813970952274833e-01
1.596977111713014097e-01 1.538157896190841811e-01 1.528888272919698421e-01 1.528656766184657845e-01 1.519676105464952409e-01 1.508389653306745348e-01 1.521312401503102929e-01 1.569522246396479470e-01 1.544691905226845685e-01 1.547293204528586430e-01
1.507733703105294254e-01 1.490062084908852780e-01 1.516790287373393498e-01 1.555191108894602159e-01 1.559347944915303597e-01 1.538645074060908668e-01 1.550442909566375482e-01 1.555553474888490273e-01 1.495278060955695376e-01 1.539817434729950363e-01
1.528786897646287057e-01 1.484783161902474002e-01 1.499893041275302263e-01 1.552536503692343861e-01 1.506171338709854091e-01 1.552546134992603410e-01 1.543737511863347012e-01 1.490510310921373816e-01 1.569677768374575233e-01 1.511008926160853638e-01
1.518800366582026273e-01 1.489984066180871092e-01 1.473001880393456919e-01 1.461658480352856782e-01 1.516516760631111960e-01 1.497904794520588112e-01 1.527778725668654247e-01 1.444299394708550288e-01 1.488601975418251677e-01 1.481809886985601954e-01
1.526619164962083608e-01 1.490151045797674934e-01 1.459052911035763345e-01 1.497697549682470153e-01 1.502821916247682466e-01 1.494822764643594648e-01 1.470732179271604656e-01 1.480062953242750334e-01 1.503053598300211902e-01 1.462295887604667388e-01
1.495746122450669069e-01 1.451787272326386657e-01 1.482686997164854859e-01 1.481498587360301489e-01 1.478210533439373031e-01 1.509939420078459382e-01 1.498806837280824977e-01 1.523299981809407289e-01 1.486613895151543685e-01 1.518557045524629723e-01
1.446172365747841193e-01 1.485159960955232950e-01 1.489767549357607634e-01 1.493652021139277308e-01 1.466884296168809998e-01 1.490633210608791337e-01 1.452361152061406313e-01 1.474448942174592103e-01 1.513484999438824974e-01 1.483817759442563611e-01
1.452528309182626320e-01 1.436005751188183799e-01 1.463006198118266543e-01 1.507365039218490632e-01 1.463182379637214814e-01 1.464451998721189030e-01 1.499735047116302067e-01 1.500467931084661921e-01 1.475743097400640802e-01 1.489097366156650615e-01
1.458198379939040501e-01 1.482951126362263283e-01 1.464959859968758826e-01 1.456800684959189407e-01 1.459152204557010446e-01 1.461919106752261055e-01 1.485870147085411042e-01 1.490900852328226334e-01 1.461980771743465746e-01 1.490127902831782924e-01
1.460695580324675447e-01 1.498891468108569658e-01 1.487914921953854552e-01 1.467789189750289547e-01 1.453720321490585554e-01 1.478812660519455147e-01 1.454058234955968587e-01 1.421207254232471906e-01 1.444754468283623305e-01 1.432400255181827398e-01
1.464743319890883799e-01 1.486510396688228708e-01 1.474317675657283999e-01 1.474438907777608221e-01 1.438727833869933026e-01 1.498149812427790051e-01 1.465393363531619086e-01 1.450722394682975314e-01 1.462029237025771200e-01 1.465991063869701017e-01
1.457326148010339995e-01 1.473986391177914967e-01 1.467431257759602981e-01 1.479951005215268400e-01 1.485693796409445766e-01 1.467838944331898987e-01 1.470446170238822459e-01 1.426461944843360197e-01 1.458179384422981228e-01 1.465070168930979189e-01
1.462866856189930509e-01 1.465179417769647829e-01 1.462801004726450860e-01 1.473520098252275035e-01 1.457210425909445384e-01 1.459270221669131395e-01 1.489362465902177579e-01 1.502244306989427569e-01 1.438685373151009084e-01 1.479761943552167502e-01
1.466340188498568009e-01 1.444313361082722735e-01 1.470263438191001248e-01 1.458272342914209985e-01 1.500374908900850568e-01 1.476629485336212189e-01 1.462275310502252901e-01 1.453640653227459278e-01 1.412867761484427331e-01 1.489878347593128483e-01
1.460673142346853859e-01 1.461180844450304939e-01 1.438300353331007642e-01 1.442666907615258731e-01 1.504885602666512223e-01 1.437227258063952240e-01 1.485260021892557958e-01 1.492080400742179513e-01 1.440230932103606920e-01 1.476912102544726546e-01
1.480554942519963224e-01 1.490825255298842689e-01 1.469308112524645715e-01 1.443554427845899213e-01 1.451552820581331893e-01 1.453267544991102556e-01 1.492792077999647027e-01 1.488265078849563827e-01 1.438399272645493610e-01 1.461150778828303465e-01
1.443067534899996618e-01 1.484662659995266698e-01 1.469486442399861315e-01 1.513211363820286537e-01 1.465718441708505626e-01 1.436034358190559079e-01 1.471046320381605710e-01 1.476881783008772431e-01 1.472791384051347074e-01 1.441720961551809232e-01
1.442749357066097637e-01 1.465705225120302879e-01 1.456354225388427348e-01 1.506530740382013567e-01 1.449314274329306929e-01 1.488003460227718122e-01 1.477203757892164571e-01 1.479863478547751299e-01 1.482434067749931750e-01 1.467506044369916718e-01
1.469128824378551079e-01 1.501351781158079268e-01 1.487589197898914473e-01 1.467932982764948158e-01 1.429623378647165710e-01 1.455796989343097758e-01 1.469795521112646219e-01 1.482840657055592148e-01 1.460778972680880639e-01 1.457767422336075647e-01
1.439998362651614960e-01 1.456218043360000547e-01 1.484521474353691917e-01 1.470031336161742308e-01 1.459009047850929885e-01 1.493977291922855000e-01 1.477071321711632135e-01 1.471403409727007339e-01 1.492110607949670709e-01 1.461259901166266362e-01
1.469831967321411914e-01 1.464027153959576999e-01 1.463599051100588355e-01 1.489344064943242396e-01 1.444506291497492101e-01 1.463559686403495541e-01 1.505031592278505970e-01 1.473597833307582761e-01 1.480035495635226295e-01 1.515009434533077237e-01
1.458281787302117549e-01 1.452498934467111591e-01 1.472646880938280334e-01 1.478673222929775544e-01 1.455229867488423978e-01 1.498645896783051545e-01 1.470062606943587369e-01 1.466410750505835192e-01 1.498225191844186621e-01 1.489397000091753354e-01
1.493560370708369722e-01 1.463615564072683894e-01 1.488597143603477835e-01 1.464538550512569648e-01 1.480962104112068523e-01 1.481338549616940947e-01 1.494876753637676969e-01 1.506194995468560227e-01 1.457753642876337963e-01 1.490229180164792666e-01
1.489629105999127900e-01 1.502118821359539336e-01 1.485518999738795198e-01 1.467482560783511525e-01 1.483377842461103546e-01 1.473019013518217513e-01 1.477309096847846948e-01 1.476921622151935731e-01 1.498782425534834206e-01 1.494121425354230370e-01
1.506587931626228449e-01 1.501085216029746372e-01 1.508211545588384606e-01 1.484883047136274226e-01 1.523296698458655174e-01 1.469652340499860155e-01 1.503712429001700657e-01 1.498058187161315225e-01 1.487894006332349250e-01 1.481659107045102952e-01
1.485074192609400490e-01 1.513817204765147695e-01 1.479304682252105818e-01 1.469244719739950800e-01 1.483317161380981741e-01 1.520916386754244398e-01 1.486074231622399877e-01 1.487857623483283542e-01 1.475472618607013287e-01 1.500454833542028965e-01
