5.024388123970866538e-01 5.024388123970866538e-01 5.024388123970866538e-01 5.024388123970866538e-01 5.024388123970866538e-01 5.024388123970866538e-01 5.024388123970866538e-01 5.024388123970866538e-01 5.024388123970866538e-01 5.024388123970866538e-01
5.024388123970866538e-01 5.024388123970866538e-01 5.131196754181706066e-01 5.024388123970866538e-01 5.024388123970866538e-01 5.024388123970866538e-01 5.024388123970866538e-01 5.024388123970866538e-01 5.024388123970866538e-01 4.533390593158616588e-01
3.466068884831844388e-01 5.014427841371638106e-01 5.008185476810953496e-01 4.484311358001271675e-01 5.013457988990005498e-01 4.542628721233131217e-01 4.527690352840464394e-01 4.531153481912408854e-01 4.512515292148542856e-01 4.521012254409624842e-01
1.925471533626818554e-01 1.947101611105025998e-01 9.918534886585635146e-02 2.110653125194435487e-01 2.855905268534907337e-01 2.650315644372992496e-01 1.837753063544990684e-01 1.479544942333533564e-01 7.677020089458029550e-02 3.424319321308630926e-01
9.383350730737913259e-02 5.035334878077450671e-02 6.238707007926241194e-02 4.625253890887850300e-02 7.601361123626967919e-02 4.702364089624839344e-02 6.603605647104442145e-02 4.557226001729244164e-02 4.718895780793552763e-02 4.262890984328791127e-02
3.073711168455425108e-02 3.563082826176279527e-02 4.418109349179408230e-02 3.371171536121456841e-02 4.034521140519586879e-02 3.562957942508017395e-02 3.408055022164116488e-02 3.720705096668900508e-02 3.132673553211185596e-02 3.960543284596581420e-02
3.165737433817695373e-02 3.347715733624968826e-02 3.039773635287847456e-02 3.137830048415676809e-02 3.448203214232466174e-02 3.442717970114221593e-02 3.350511956623857673e-02 2.918629140333628760e-02 3.455594163727566948e-02 3.187899945821345837e-02
3.484959109624107682e-02 3.244017595096221340e-02 3.711008129175676767e-02 3.168147281330423864e-02 3.488267116710411925e-02 3.202879845908621070e-02 3.039169231428603263e-02 3.627090555038641612e-02 3.133991384686447834e-02 3.196948790885747321e-02
3.455463943075322286e-02 3.173624317447571591e-02 3.724071007504216324e-02 3.291159898229837483e-02 3.451467392655176158e-02 3.385423784901823996e-02 3.383389480684162454e-02 3.676469501769816239e-02 3.391093250770060158e-02 3.262006883387387479e-02
3.481513635605464063e-02 3.806468815530534427e-02 3.688746975097266512e-02 3.923509779055104479e-02 3.766832056446603461e-02 3.638880002757288734e-02 3.683624934334767120e-02 3.763204920281600779e-02 3.740953482491336801e-02 3.512264500077498519e-02
