1.329401870199156460e-03 9.600853239707012390e-04 2.217949214931816144e-03 1.406654836000614025e-03 1.928780097130981157e-03 1.044761434349819520e-03 9.990501926498091077e-04 1.715608471218017057e-03 5.047491298724264813e-04 1.189697411931757562e-03
3.387492183184168441e-04 6.323823579820323816e-04 5.886430650050978979e-04 2.437313966918512305e-04 6.906545547520983892e-04 7.394768167354521431e-04 1.384612509728431681e-03 6.188793736876836834e-04 2.959011342845681096e-04 5.401561310553145735e-04
1.738199097216530133e-03 1.236991778976602625e-03 9.674060048760624178e-04 2.414331211734487177e-03 4.363164913506365709e-04 1.397923493960237214e-03 7.480031785237757462e-04 1.218630679354962320e-03 1.320699608299143310e-03 1.877026292800394996e-03
4.907213020988682260e-04 1.157509388373295254e-03 2.542068298043461631e-03 2.388554920956099774e-03 5.809866100196744466e-04 2.228604775598961706e-03 1.674638150777864581e-03 2.254508574832889741e-03 1.914918337718526800e-03 2.641290086240502717e-03
2.793989747658736332e-03 2.428665600213836522e-03 1.929087424899709720e-03 3.157752652378203323e-03 1.818672255974139364e-03 2.717639273821753458e-03 1.306351782345107184e-03 2.868780865310172068e-03 2.968234706083842152e-03 1.076793176596000344e-03
2.172160026057801119e-03 2.635612278513773093e-03 3.049639169666305133e-03 1.652023849300188413e-03 1.797670127577676849e-03 1.911442932599548544e-03 4.243567736357434401e-03 4.632393362624877449e-03 2.216852167148308274e-03 2.316746118351628147e-03
3.574157291067397730e-03 2.120631777654617776e-03 1.340129117795538531e-03 2.157850699440071619e-03 1.835315161088042334e-03 2.979058718639833545e-03 3.306238049492226262e-03 2.555210918162356074e-03 2.303693477150951015e-03 4.025541676361068383e-03
3.045303450017610488e-03 2.944092001545288353e-03 3.208661692161523648e-03 2.895348264367762769e-03 2.751707072561116775e-03 2.960062669209571288e-03 2.571800293335113098e-03 3.542372979545697388e-03 2.038914066768308941e-03 4.085596078545034558e-03
3.289570863697647164e-03 2.969690802982003462e-03 3.370270533246466377e-03 3.160921987594060914e-03 2.461976502322383610e-03 3.025162092007687136e-03 2.387478305791770113e-03 3.152094936077808832e-03 3.641864250256842024e-03 2.582292882763156765e-03
3.037233747280253596e-03 2.678572581123254276e-03 3.558733824275156499e-03 2.899917573068452187e-03 3.096676417982654160e-03 1.909309427608188968e-03 2.877917574015780022e-03 3.187324267388852439e-03 2.950216535792900361e-03 2.941624463806320495e-03
