2.219640704547670429e-01
2.289190340344058328e-01
2.266808945026229094e-01
2.248764829591397563e-01
2.284282358497475851e-01
2.263993276813959787e-01
2.300298991156488615e-01
2.350413801727692376e-01
2.322605710004476964e-01
2.343744369693781526e-01
2.304685991601246042e-01
2.407312651446575358e-01
2.355396854992040656e-01
2.436734514053200407e-01
2.406288501764048404e-01
2.592905619368962578e-01
2.512305736623917096e-01
2.537239109012118798e-01
2.532111716750193864e-01
2.448589250634815861e-01
2.509584796061259393e-01
2.518075927344380349e-01
2.521306137030673300e-01
2.748734420410313684e-01
2.491413162198384268e-01
2.693458812029175808e-01
2.581005966588809097e-01
2.577414330775735785e-01
2.761297369460362083e-01
2.785316432682419796e-01
2.627706045283890735e-01
2.594278520143231126e-01
2.925337350914227752e-01
2.802903460771347666e-01
3.142638552394900753e-01
3.130972880354594978e-01
3.280431225739305900e-01
3.308291791041070851e-01
3.276695073930844249e-01
3.727689677638843513e-01
3.359738902875248900e-01
4.221824757927067351e-01
4.101020546761264263e-01
3.963518979217793281e-01
3.817826250771849672e-01
4.129693213283898712e-01
4.576968969628276707e-01
4.350614388562572543e-01
4.148361597282058666e-01
3.997071804432973940e-01
4.119144944967574329e-01
4.874091416044095126e-01
4.956990765578881408e-01
4.712534439255630092e-01
4.367248371508954952e-01
4.833944246832068137e-01
5.265120032435920416e-01
5.289869651542369322e-01
4.984832148196697288e-01
4.727607594486852305e-01
5.463277971060643834e-01
5.353043744702045137e-01
5.593874855782497990e-01
5.226091767906216878e-01
5.835778647465563740e-01
5.879327943523261490e-01
5.959758902505840616e-01
5.913407470447471503e-01
6.134915189596591434e-01
6.534930875187640043e-01
6.153114838397066855e-01
6.442290013196125820e-01
6.110641339640827674e-01
6.961024364061896286e-01
6.807407883190805808e-01
6.522447435776086433e-01
6.587706380959571506e-01
6.849355936137448975e-01
7.081659231065775550e-01
6.364362240055616571e-01
6.138076295523684500e-01
6.431830144242733915e-01
6.498482245929690926e-01
6.840344313194105519e-01
7.381300857452177677e-01
7.120933645168572301e-01
7.164644953874951261e-01
7.096408130753202315e-01
6.847466146416890664e-01
7.427024492902358777e-01
7.251350870676803728e-01
7.433319148644310648e-01
7.756629454292717218e-01
7.155011183592427937e-01
7.558114971018798922e-01
7.528756616578886618e-01
7.555075495308472000e-01
7.403970628164163736e-01
7.688645509384847143e-01
7.594049259478194980e-01
3.623114330731140309e-01
3.695397408913645432e-01
4.117133000048912028e-01
4.070911809740984655e-01
4.008532724496851052e-01
4.366282811544957010e-01
4.158641029524652311e-01
4.162723166774018879e-01
4.107358490443095977e-01
4.400377147690339164e-01
4.219668538632044275e-01
5.295778560121157108e-01
4.921589001700302779e-01
4.513128411124127659e-01
5.141006248503132703e-01
4.570733980315194733e-01
4.803698286940856210e-01
4.391605434082288539e-01
4.839714690119233387e-01
5.058919106884306460e-01
4.802096088261338380e-01
5.314787119788154657e-01
5.366130295962433516e-01
5.156047396797285298e-01
5.147142092934193780e-01
5.531558141509678173e-01
5.207447325050253983e-01
5.555461032542375888e-01
5.500573857996848837e-01
5.475818809818864263e-01
5.282002551952960090e-01
5.827100499757513763e-01
5.326187637975519085e-01
5.122712628898167253e-01
5.627576515263004175e-01
6.078192223869832711e-01
5.716889297076896970e-01
5.565458351604315457e-01
5.481562907501100756e-01
5.552002990437425733e-01
5.299271567317236364e-01
5.945855045575707543e-01
6.242196698350752637e-01
6.208327480056454739e-01
5.864711153553443523e-01
6.156688774438874301e-01
5.790872391407628772e-01
5.673180606943850623e-01
5.927259772918150871e-01
6.350051423287259578e-01
5.834617181010596232e-01
6.048930419790478075e-01
5.563814256252367363e-01
5.685606827111326922e-01
5.667725584729798038e-01
5.972843405478287515e-01
5.913730164542738699e-01
6.126439211937217966e-01
5.858543013585941761e-01
5.631600351903811585e-01
6.047560471894881662e-01
5.633016650178960250e-01
5.792540181865120097e-01
6.330029655875267780e-01
6.331226494454821330e-01
6.238790148106823086e-01
6.418537325530082605e-01
5.459592611152223052e-01
6.103076261743773934e-01
5.997289407816769335e-01
6.018527341989220458e-01
6.252467210898691174e-01
6.247798572786208426e-01
6.386359167852621033e-01
6.173816303179523457e-01
5.497485373360249117e-01
6.111877468660257273e-01
6.452359145706945132e-01
6.438664553115398537e-01
6.477141439201758999e-01
6.377900699646050775e-01
6.391621189783287527e-01
5.557249004573163731e-01
6.243571735784846366e-01
6.223416502799195005e-01
6.407590024557947572e-01
6.375602000380571344e-01
5.492195820655507710e-01
6.384488384188720111e-01
6.073856408241526950e-01
6.382798239406308749e-01
6.410397007919226287e-01
6.386830868022411734e-01
6.377799578487539645e-01
6.396972532754315877e-01
6.394691002497188137e-01
6.403208342338051473e-01
6.382007404909365578e-01
6.394565838447058281e-01
6.395693295705071613e-01
2.420672546677195003e-01
2.448938830978307224e-01
2.457041633970797889e-01
2.429826495173931789e-01
2.596692169113350435e-01
2.420101838114977477e-01
2.564067846328570432e-01
2.560156070591448896e-01
2.573574699808254262e-01
2.804159874525679053e-01
2.615860919469669144e-01
2.648898503621769374e-01
2.684341947785706117e-01
2.816639880096484250e-01
2.766503261353649434e-01
2.789039364103981788e-01
2.844640983797980249e-01
2.834060498738424916e-01
2.942180334200551473e-01
3.498299714733604238e-01
2.928130287562417666e-01
3.165552474850005238e-01
3.222774433606475641e-01
3.286864384490245095e-01
3.446799827688963869e-01
3.363242038516051080e-01
3.700338841176698534e-01
3.453920211675688967e-01
3.393845848956411615e-01
4.257974324740618211e-01
3.833983321882786788e-01
4.530894498943009996e-01
4.227063191259977648e-01
4.102578343312478504e-01
4.153433461789878267e-01
5.311633188279945017e-01
4.385443976636232422e-01
4.554522577311497233e-01
5.575817979016691739e-01
4.034041019651656290e-01
5.229485083030409598e-01
5.019369382130749457e-01
6.165120834068266165e-01
4.634654136793477375e-01
6.586172862715197196e-01
6.117404681907068209e-01
6.022804584344461087e-01
6.410822170611992776e-01
6.853745754073038432e-01
7.197122947585954389e-01
6.756265357625530488e-01
6.870435046618179609e-01
7.184519428688687093e-01
7.130925251553391631e-01
7.327753809429046195e-01
7.085042754123056508e-01
7.464161039045364987e-01
7.404593010801050479e-01
7.327895089110142424e-01
7.017088243281998095e-01
7.592067130490363080e-01
7.093641104037038403e-01
7.324484367981447530e-01
7.186047996094967472e-01
6.926631351486549626e-01
7.491950603261714470e-01
7.213334030425532228e-01
7.827158625029344563e-01
7.435402948567323422e-01
7.657689170200466799e-01
7.677169171910740442e-01
7.736325633284484304e-01
7.532098172549974713e-01
7.855848068349718938e-01
7.796259129940140697e-01
7.711794934416601466e-01
7.632849505711614135e-01
7.833604416147632588e-01
7.482412946061622883e-01
7.747637349689924235e-01
7.516614281023427102e-01
7.657603590915370573e-01
7.646752538212480133e-01
7.871347506022152718e-01
7.812487190143131421e-01
7.816774740273267907e-01
7.643548694824170431e-01
7.762943242553218548e-01
7.795175580094251266e-01
7.961302201872741957e-01
7.855314149591616779e-01
7.849474189235763344e-01
7.839474707724893854e-01
7.817671860174275622e-01
7.853884534496423653e-01
7.694843947103244819e-01
7.814348032434303981e-01
7.883784702664675681e-01
7.870145564823873841e-01
7.888210385061834584e-01
3.591305560806545283e-01
3.940886729897151164e-01
3.703687503676674764e-01
3.763270608154259955e-01
3.885623051859255495e-01
4.425034367189785156e-01
4.005003627857064430e-01
4.277285121028948645e-01
4.195399290372759937e-01
4.621804235707615560e-01
4.316861587117483690e-01
4.856362084604011198e-01
4.494009178095604851e-01
4.487482017832574166e-01
4.590664117709674641e-01
5.029190419631404119e-01
4.768118617848857710e-01
4.824590792609501078e-01
4.837447243273412245e-01
4.968554184386075878e-01
4.833998989747846919e-01
5.295508214407665948e-01
4.855912185420042104e-01
5.517088364160218639e-01
5.775078061294656173e-01
5.223571740139802966e-01
5.225289084462070299e-01
5.164676721439851459e-01
5.475871275919476089e-01
5.188115004267878083e-01
5.625614059576317105e-01
5.474901427818821276e-01
5.799708567842235540e-01
5.252973648728482825e-01
5.795535551885627745e-01
6.099283279173116634e-01
5.942772015051164258e-01
5.274587398799119864e-01
5.204947511399150573e-01
5.837289681582377154e-01
5.566051084945381477e-01
5.911618971433859615e-01
5.574608150483730817e-01
5.846169607713297411e-01
6.015542329178371617e-01
5.572761851052813187e-01
5.573393228121762411e-01
6.115803181856265258e-01
5.661492509580708932e-01
6.014320349155584111e-01
5.667793265971245997e-01
5.744674345751416000e-01
6.167158601547981789e-01
5.306318729611696483e-01
6.018577651321503907e-01
5.735007916141606765e-01
6.195150555845692075e-01
5.625623056499535757e-01
6.281799346896359548e-01
6.095802895808081212e-01
5.867136919323696631e-01
5.950280966021872509e-01
6.062227864264440047e-01
6.213410421080329815e-01
5.953989534756528590e-01
5.867818539610694106e-01
5.871389811901217559e-01
6.043229830563999760e-01
6.214654285372960274e-01
5.740394530902955816e-01
6.363006039950425130e-01
6.433413677149866228e-01
5.936433817196989926e-01
5.870908676375562463e-01
6.372846905133198181e-01
6.382231389821633183e-01
5.329234331748242681e-01
6.406099800324728255e-01
6.425005456371434276e-01
6.308025460617867619e-01
6.015366824877863561e-01
6.499272305739491884e-01
6.031238202543665050e-01
6.177202708656078789e-01
6.382844807342621385e-01
6.410302224617190348e-01
6.411478459082943226e-01
6.415830398648624255e-01
6.398940706739004725e-01
6.394546373742716616e-01
5.883526986108047474e-01
6.193223327655483779e-01
6.234708092102321242e-01
6.084953766148710752e-01
6.386001863672274848e-01
6.151721570499668612e-01
6.408346361503629574e-01
6.381221101400784690e-01
6.388166654527803745e-01
6.395693295705071613e-01
