5.776942152399424657e-01
5.814681045065130949e-01
5.832525165956231605e-01
5.789596603656460561e-01
5.762332848969895505e-01
5.789831804527670878e-01
5.760917347836312929e-01
5.798101853790976756e-01
5.786716413261892011e-01
5.823447271508797041e-01
5.766736582542081324e-01
5.820782306021035080e-01
5.836947157130291108e-01
5.848120809477628246e-01
5.773653421313494905e-01
5.889818165025093588e-01
5.855412680871081577e-01
5.875517737260220752e-01
5.909083156932679604e-01
5.838173423590324873e-01
5.912163536561920729e-01
5.851257895070339776e-01
5.849163211147017094e-01
6.001659293817439567e-01
5.905703352632692971e-01
5.988352079594552180e-01
5.861768689071965577e-01
5.895622793649361038e-01
6.048501211982570958e-01
6.118809733234957804e-01
5.950416434419231182e-01
5.920749764530635062e-01
6.177473770806954922e-01
6.055005214156300442e-01
6.255329769879037771e-01
6.373486525352828336e-01
6.290952499089804695e-01
6.386378755024868514e-01
6.324824216883125905e-01
6.662179377716489492e-01
6.673004846856307459e-01
6.968042323269099114e-01
6.986875576591177195e-01
6.824791675392726242e-01
6.733415385144111420e-01
7.133031331118794283e-01
7.150030447236066511e-01
7.260325049751965576e-01
7.129022176542418876e-01
6.965855492155137441e-01
6.914958023625337180e-01
7.504749017042933179e-01
7.486587213879213332e-01
7.297822727277608612e-01
7.151498788017427444e-01
7.348366213126356072e-01
7.748997496560590115e-01
7.778141999035569354e-01
7.627954966014011129e-01
7.328814254676361273e-01
7.881496994476537843e-01
7.740057500706138960e-01
7.798206673905269115e-01
7.551072634110140847e-01
8.057912898351339281e-01
8.171740454227656159e-01
8.146395251305149632e-01
8.004404807548767264e-01
8.213466377552171016e-01
8.448809228465963272e-01
8.305816549764315493e-01
8.467965533943565548e-01
8.144825312339238899e-01
8.602685371042799733e-01
8.612142808813910699e-01
8.250670000289974659e-01
8.319758484146494437e-01
8.671590204903991683e-01
8.654688391064944142e-01
8.335765890288996394e-01
8.063873683170463824e-01
8.376354902005006542e-01
8.303316117488741543e-01
8.532523340196043193e-01
8.865207347288585060e-01
8.681969329376804101e-01
8.738088472042778720e-01
8.676543384894950250e-01
8.509095615061017526e-01
8.875241080892989354e-01
8.889929214203555752e-01
8.908010254328393440e-01
8.986313027658119346e-01
8.789943498092082086e-01
8.955882545625211133e-01
8.867607899742137034e-01
8.881734772891541896e-01
8.869444829286051712e-01
8.991253964316054947e-01
8.830564514310200730e-01
6.867273678230172429e-01
6.925398579558573742e-01
7.202063968193108678e-01
7.116014816580908953e-01
7.075099530779631607e-01
7.389014723144947672e-01
7.084232627623322509e-01
7.268078516279873336e-01
7.203204531321989457e-01
7.301383389233815357e-01
7.336784664473605666e-01
7.863856499545170964e-01
7.426377079621402366e-01
7.239998968982481742e-01
7.693904001529343617e-01
7.256687920663201785e-01
7.599159720723129841e-01
7.302892326329932793e-01
7.471020352930184405e-01
7.567816788187116117e-01
7.464377163391575642e-01
7.742196432464594213e-01
7.734687617801806470e-01
7.701097496667987929e-01
7.709153180205751132e-01
7.931308887478399905e-01
7.691236028907153521e-01
7.951563441407597521e-01
7.925608649377792192e-01
7.822536968958854198e-01
7.722551252847380532e-01
8.027540840644428188e-01
7.753271278966490376e-01
7.608661191534057400e-01
7.946366468732782851e-01
8.227481557137166224e-01
7.897782345758168621e-01
7.856604794875843290e-01
7.790805256900568132e-01
7.927166130215363982e-01
7.651994213414181623e-01
8.198888649034119513e-01
8.281888351542605609e-01
8.353765737784322187e-01
8.041956398698770769e-01
8.241796590983537785e-01
8.008342435284856453e-01
7.931823537055950890e-01
8.002469931340676634e-01
8.342517336666958050e-01
7.955884263987739180e-01
8.090229927646197527e-01
7.916656839780952248e-01
7.929494511442682914e-01
7.868193861364658481e-01
8.043774211459544521e-01
7.986059139594402501e-01
8.238316047680263043e-01
8.007934753774759162e-01
7.928461775562519742e-01
8.241126214801759442e-01
7.744638655209484801e-01
7.965001680773349246e-01
8.339650033991359290e-01
8.345170488412329002e-01
8.256449927452882420e-01
8.328369198781252480e-01
7.771509549262769490e-01
8.082268754047549075e-01
8.126662220403622072e-01
8.062167134383467770e-01
8.264693342096981477e-01
8.251743976870840047e-01
8.339159011898585883e-01
8.252409842350977298e-01
7.756996044544253177e-01
8.079201047341961761e-01
8.368236283439602907e-01
8.370037342165717043e-01
8.376604923753032672e-01
8.338218423209061703e-01
8.336471707697943323e-01
7.898653555560566364e-01
8.295504226634834444e-01
8.243415073690902872e-01
8.344838629648841932e-01
8.337999976372514332e-01
7.875417642642884575e-01
8.345513516532258036e-01
8.200584458055307779e-01
8.332793552703791073e-01
8.342801081279620501e-01
8.338911567694353710e-01
8.339678816563727004e-01
8.339255669790863745e-01
8.339496884930925891e-01
8.339817359542657238e-01
8.337585851002932147e-01
8.339608363700019567e-01
8.339166959325285955e-01
5.863020301379308075e-01
5.869885374479524298e-01
5.875647473631189222e-01
5.843578747721827060e-01
5.932319499440994459e-01
5.834996171273488796e-01
5.901635773730318224e-01
5.916812136794544763e-01
5.875496257728602956e-01
6.058540100674565387e-01
5.950846239846893093e-01
6.007431703144281432e-01
5.983651284100098833e-01
6.074573711845639989e-01
5.974754247308883270e-01
6.012487340501052602e-01
6.067817754766039462e-01
6.049671631660400450e-01
6.094636238762177749e-01
6.387817883643228667e-01
6.045555938607203306e-01
6.269843918983502018e-01
6.275372535626487780e-01
6.240052667811525344e-01
6.344583667608544308e-01
6.302501828445128407e-01
6.592657866502562580e-01
6.369192337391892389e-01
6.332168713129041615e-01
6.775359970100490736e-01
6.774197927439993272e-01
7.279852091945282488e-01
6.980524508682564022e-01
6.786026920296975851e-01
6.927614408040217997e-01
7.619042034369398753e-01
7.021032112973744077e-01
7.136609176700293711e-01
8.026099778868220902e-01
6.701492505254430521e-01
7.704526703890695050e-01
7.564524620376128494e-01
8.230990238626856303e-01
7.280747573618409074e-01
8.545913895001605587e-01
8.229402901240335799e-01
8.053754246234907654e-01
8.529642720210842688e-01
8.798857074122641286e-01
8.859485200065727595e-01
8.505385025974124824e-01
8.736724306989761546e-01
8.868104076922499468e-01
8.771992623928841493e-01
8.922630727114364557e-01
8.815716788079718258e-01
8.926976680746498971e-01
8.904124177468186740e-01
8.896661758593690239e-01
8.754871718867297536e-01
9.065060856882954932e-01
8.872617785696566006e-01
8.795582089936946346e-01
8.804576858597021882e-01
8.635395475766255435e-01
8.926278595968936136e-01
8.736015267651074945e-01
9.128224211942834732e-01
8.984562445831305588e-01
8.958949178354217446e-01
9.088977456157590895e-01
9.081162558169257881e-01
8.940254682806387798e-01
9.110850277998837621e-01
9.105996548239269073e-01
9.010607881484534731e-01
9.064687542623446337e-01
9.104548183422314089e-01
8.907641665565839695e-01
9.098902932922644515e-01
8.969191693005941213e-01
9.041770600750280718e-01
8.970381873852858456e-01
9.104157041151560437e-01
9.104388590502395795e-01
9.089646113976838082e-01
8.943883005287186494e-01
9.083413398287436546e-01
9.086001037461376439e-01
9.150307962784564042e-01
9.100917283397719215e-01
9.103968021273328715e-01
9.097526309741289507e-01
9.096213480768838844e-01
9.111930054053241079e-01
9.069961412021450009e-01
9.091867097546071363e-01
9.105491349655630007e-01
9.105036413175974230e-01
9.105546981642518301e-01
6.959718145586116789e-01
7.174687660760868946e-01
6.846036650524798262e-01
7.020849107364365294e-01
7.043282974571456467e-01
7.350516099445935092e-01
7.007066551106787555e-01
7.178540873937703237e-01
7.116347319730346177e-01
7.400169258709144993e-01
7.342372349828539813e-01
7.547872828285105973e-01
7.302142046290538424e-01
7.360422459427850006e-01
7.399411460833684728e-01
7.618759793323947038e-01
7.589450542841461589e-01
7.495557495873245157e-01
7.463170872895946717e-01
7.549306372225246253e-01
7.554612246125359531e-01
7.713244816183538743e-01
7.496618155144508799e-01
7.875301223581517851e-01
8.173958215867144217e-01
7.644991886106931034e-01
7.796206285125745206e-01
7.727135199689836309e-01
7.788590072804872921e-01
7.757535825173795807e-01
7.803523717161824358e-01
7.699681351148456310e-01
8.130405028787943689e-01
7.716661780073222898e-01
7.991241291392400248e-01
8.254902541995170484e-01
8.202083944157514406e-01
7.638736187318698745e-01
7.579016001177079076e-01
8.028713837866051639e-01
7.901605487590737109e-01
8.034420519826144247e-01
7.915195587245024145e-01
8.045742810532273692e-01
8.058488979389315521e-01
7.911355261787160753e-01
7.883924825935244574e-01
8.239823266413852654e-01
7.923477020660085746e-01
8.208734007146240019e-01
7.949175991468330205e-01
7.921149283818716968e-01
8.266221395976239839e-01
7.724973499627867390e-01
8.074317031442811432e-01
7.938365128410009852e-01
8.258510888511564341e-01
7.937993317717714215e-01
8.302421280201565112e-01
8.161078014732812136e-01
8.037059065490017584e-01
8.067390526882169954e-01
8.079690780662837080e-01
8.232035432635356198e-01
8.059547275912102293e-01
8.009410397596870013e-01
8.008934196380914639e-01
8.090838013186285593e-01
8.257018061064159697e-01
7.934397644124971949e-01
8.337302750776216520e-01
8.352827941433909054e-01
8.038871508367888552e-01
8.041741173791964181e-01
8.347828150859343266e-01
8.336076054725550799e-01
7.732044561436294261e-01
8.351577832693780623e-01
8.355927867436921952e-01
8.333849701273414734e-01
8.056367016460838082e-01
8.375584860796525533e-01
8.204053187616191511e-01
8.215276887272195960e-01
8.343665202836586525e-01
8.351299887554652912e-01
8.350192188109146763e-01
8.348805469547930791e-01
8.338221645138805815e-01
8.339608148904704699e-01
7.912223034864501736e-01
8.245796724156633228e-01
8.261611458900527394e-01
8.142997404198604183e-01
8.337438071825405972e-01
8.250509548188793563e-01
8.339331492537472856e-01
8.332389093123436785e-01
8.338871830560862231e-01
8.339166959325285955e-01
