7.929680864364058168e-01
8.532791495093721146e-01
8.767037956019502198e-01
8.367194129804862435e-01
8.935245311015891367e-01
8.353027949070430669e-01
8.288230928415727394e-01
8.582041777273199390e-01
8.087625766799888538e-01
8.267170351262677075e-01
8.075259571483079934e-01
7.994400704261819257e-01
8.283343794052997477e-01
7.867757827859949149e-01
8.215443161094225788e-01
8.390219290342292302e-01
8.418113551800239236e-01
7.936212673973835896e-01
8.208184081386543651e-01
8.060676707299589960e-01
7.944339600793536293e-01
7.753680992551468254e-01
7.854555094757099676e-01
8.093086102828067618e-01
7.918417761898687290e-01
7.659602559877423111e-01
7.809044770708718497e-01
7.813126233308427260e-01
7.981997492819625784e-01
8.128668378576668907e-01
7.945243190117905474e-01
7.901898091378152245e-01
7.632549132786533574e-01
7.646303551443633939e-01
7.582707052671964210e-01
7.516706721497280475e-01
7.868506753479156401e-01
7.377273610188482822e-01
7.565234166890938416e-01
7.365018402854446311e-01
7.583056773075468326e-01
7.255676534391375387e-01
7.476666295028959741e-01
7.254272519494201488e-01
7.391946255883214967e-01
7.252092299837699096e-01
7.025074251466454367e-01
6.971419568295393887e-01
6.966875779116646905e-01
7.074756513399295121e-01
