5.084662635236203432e-01
4.405937016086589608e-01
4.571367020694622751e-01
4.868485362505300396e-01
4.436982344922098531e-01
4.671982077384617682e-01
4.716874467420723582e-01
4.416508739690822583e-01
4.702458389935479377e-01
4.432262504582078488e-01
4.237604030152671841e-01
4.369512985949889905e-01
4.501042597557343150e-01
4.484378406610651235e-01
4.297779997939562002e-01
4.278477368325638852e-01
4.323965728049348201e-01
4.406546961612763935e-01
3.969362765650742420e-01
4.310855393196242336e-01
4.322529211499160362e-01
4.240928283184031700e-01
4.081341177372558304e-01
4.190094165207189914e-01
4.246093353809933246e-01
4.067795594975406326e-01
4.101790824023427984e-01
4.232612659234714636e-01
4.138980530458942209e-01
4.024092149491958481e-01
4.070053691178690536e-01
4.067079832385771532e-01
3.871004806889848937e-01
4.163936386774543807e-01
3.842008934953252686e-01
4.040180336234717173e-01
4.103554774505834279e-01
4.070424050900802726e-01
4.150716241761243097e-01
4.000741518063571367e-01
4.069146259945806143e-01
3.980171080236487025e-01
4.007637596123820867e-01
3.821156983806395235e-01
3.923223531159332200e-01
3.785610436677072643e-01
4.109310823448422134e-01
3.890809568418118758e-01
3.987204920134072017e-01
3.920965434956047435e-01
3.793956008851896433e-01
3.914163194669055823e-01
4.154173265259020198e-01
3.766277858837642212e-01
3.778135359590339970e-01
4.005889618028352639e-01
3.798974333172810969e-01
4.057571270787063145e-01
3.767792240774149870e-01
3.936169150772145242e-01
3.999206172369208501e-01
3.772005956103089419e-01
4.076168120553187446e-01
4.009483405089281360e-01
4.017877892699102116e-01
3.764766471723683949e-01
3.937131487085127057e-01
3.961063114088364534e-01
3.759388768696677596e-01
3.934246474694548246e-01
3.761222598371934955e-01
3.766289838127844236e-01
3.756210263696121987e-01
3.774093347420978128e-01
3.759359818745352522e-01
3.761534059917215345e-01
3.765285574299152005e-01
3.784638117622254327e-01
3.816976211525514584e-01
3.777134090584197690e-01
3.974704530807140479e-01
3.782843220640157433e-01
3.764936178334894468e-01
3.764420070581977473e-01
3.834622704268859650e-01
3.803154107179508303e-01
3.788368668246335780e-01
3.779950222056109865e-01
3.765075936720597705e-01
3.766115140145716023e-01
3.765640959908510554e-01
3.765642956456877188e-01
3.763305996593089842e-01
3.758675002655409436e-01
3.767827180370575402e-01
3.761571994336191382e-01
3.761518087530277832e-01
3.762723004469872290e-01
3.764204443358322161e-01
3.764204443358322161e-01
