1.842612584495269268e-02
1.435102641491313447e-02
1.357413233792297523e-02
1.614928629340654787e-02
1.430645610452283348e-02
1.274664025312935954e-02
1.352680789312172942e-02
1.295023777683690369e-02
1.368535112831322648e-02
1.176542883872836072e-02
1.266301608893116715e-02
1.130243475174931393e-02
1.068801194089844669e-02
1.175550878479040932e-02
1.225102752568055058e-02
1.107511897092301571e-02
1.135654774677752159e-02
1.265488894564927198e-02
1.384723845813346822e-02
1.132513746754146462e-02
1.255148666972450734e-02
1.084760521706495603e-02
1.157681936501363598e-02
1.206121449869124347e-02
1.148451881906202392e-02
1.072713548334262336e-02
1.277077749955842813e-02
1.150266172649069135e-02
1.258415800493943061e-02
1.174838193217638514e-02
1.197438454359695675e-02
1.112642790592729101e-02
1.399251737252928292e-02
1.048577272820758015e-02
1.639309960186184634e-02
1.152861390494391500e-02
1.265976272862075723e-02
1.111678243509513740e-02
1.024774902698014946e-02
1.327072285107712586e-02
1.297074182940078507e-02
1.277597677672087477e-02
1.330368213376925159e-02
1.546433179839088248e-02
1.304363587937902927e-02
1.629376968919510685e-02
1.056912867816744983e-02
1.353531867511780298e-02
1.111720292562783097e-02
1.271657642107084860e-02
1.690665121492243225e-02
1.254143408441812067e-02
1.135459338173619784e-02
1.668822477169195490e-02
1.738172551570948271e-02
1.098445610683796043e-02
1.634115405881868613e-02
1.094310066871684826e-02
1.735439759938176701e-02
1.238221141219875664e-02
1.103119701726669108e-02
1.638901277576127261e-02
1.435806601413775786e-02
1.100820474794522719e-02
1.431318232745143817e-02
1.648850679943231895e-02
1.352591143239363809e-02
1.307353116004459498e-02
1.659371964102639846e-02
1.329559890675372294e-02
1.645061207102311435e-02
1.664211741626989496e-02
1.657078526925283637e-02
1.647951297142234706e-02
1.617468159814318754e-02
1.646726365229580352e-02
1.660665446136267223e-02
1.639212045401487391e-02
1.700923737053646606e-02
1.642247976673881851e-02
1.466081497121050556e-02
1.617029236447584117e-02
1.658989754347418855e-02
1.657502713550072435e-02
1.643160955811549806e-02
1.604699867703347771e-02
1.629019636806998753e-02
1.669602881237905803e-02
1.659615558883283104e-02
1.668705789085913813e-02
1.663214219918391842e-02
1.663256689945094915e-02
1.653902156098680312e-02
1.634077388424653304e-02
1.660131765863215661e-02
1.646393972646862519e-02
1.646323707616236670e-02
1.649235848047822528e-02
1.656751618023800249e-02
1.656751618023800249e-02
