2.650193350245394833e-02
1.834586546474486698e-02
3.330802103827889410e-02
1.255168981016165433e-02
3.943795535742218583e-02
1.233742096487152121e-02
1.572706741166337088e-02
2.154836972518199209e-02
1.071094485921213202e-02
1.179067147737457646e-02
1.536829593385444573e-02
1.152664995478386127e-02
1.429861622631779274e-02
1.025150325135914219e-02
2.026121141679650475e-02
1.930400186833689316e-02
1.972830025564962370e-02
1.265218842008609609e-02
1.650941854713381188e-02
8.643710444554133718e-03
1.574243964377938093e-02
8.424063555125252054e-03
1.296500584327647115e-02
1.454271492949233378e-02
1.868559306464952219e-02
1.244568831424205588e-02
1.200624838293974997e-02
1.180715968727301911e-02
1.603006654219375077e-02
1.617688005505748400e-02
1.436856420616968756e-02
1.533297161232816293e-02
1.363370497449951577e-02
1.451748770905117794e-02
1.224200798720292450e-02
1.415803234864396014e-02
1.383339218564151075e-02
1.202280161538697711e-02
1.439562571410041292e-02
1.419717614545176927e-02
1.284015046936784130e-02
1.647748110922061388e-02
1.666928733211416394e-02
1.469429416439996250e-02
1.520570177628183944e-02
1.862092417442498885e-02
1.586221571451371104e-02
1.707814390141997388e-02
1.809605590201527475e-02
1.921775665484181522e-02
