7.054411783193592633e-02 6.510144119750160829e-02 6.156737985099913768e-02 7.059680143891433612e-02 6.612909149050583135e-02 6.605390110388043023e-02 6.379212925323862748e-02 6.828827098147161045e-02 6.423707043724791177e-02 6.540128205128203920e-02
6.598681647901316616e-02 6.624614521484517571e-02 7.094744107206774064e-02 6.927696368499602908e-02 7.009063279758442899e-02 6.746268748161943218e-02 6.774270147860517177e-02 6.412449208285209146e-02 7.036624088537457578e-02 6.652800431734562370e-02
7.088291998141305061e-02 6.875668373582322079e-02 6.342146472818044334e-02 6.990015816578931673e-02 6.760106199337823085e-02 6.773528147778962172e-02 7.008979910849666428e-02 6.579517932675837955e-02 7.120575535920914412e-02 7.064653231213458007e-02
6.828379670300099846e-02 6.420443052089042091e-02 6.879641260046986950e-02 6.900924877877079311e-02 6.428520920584779308e-02 6.559765749400381374e-02 6.630896791187745887e-02 6.908030963109113021e-02 6.635288540410599900e-02 6.936200528564684387e-02
6.710575521862405246e-02 7.103808445913983860e-02 6.790900906121144498e-02 6.154674005539606529e-02 6.880360464977230972e-02 7.032373988718820801e-02 6.555187490182445842e-02 6.923390480809532566e-02 6.697382033920884492e-02 6.220275659113616573e-02
6.784018915102885128e-02 6.648796435464066068e-02 6.374020636104271720e-02 5.666407633222048101e-02 6.240253228374914585e-02 6.063103850761764058e-02 6.408149692394793373e-02 6.525473822480765129e-02 6.913587075844418450e-02 6.595010802386247484e-02
6.133721088036625524e-02 6.377252635747576726e-02 6.744767074864288503e-02 5.901348945555040526e-02 5.885303538249564426e-02 5.953735990247754906e-02 6.350958545292373358e-02 6.506352805672532824e-02 6.300708750337624675e-02 6.324237245728436818e-02
6.164095491882037869e-02 6.433503840158105724e-02 6.006418861190887526e-02 6.594437664021057799e-02 6.154947629622065097e-02 6.524171741571482830e-02 6.331296373530981292e-02 5.940619650032641363e-02 6.257567265011432234e-02 6.056342245494894527e-02
6.403987759561824422e-02 6.054865151931076994e-02 6.074450807302989030e-02 6.154654750437549282e-02 6.099663143494316042e-02 5.722993348037219707e-02 6.189611766491376343e-02 5.902954029634677191e-02 5.607348478917362211e-02 5.911132680759456637e-02
6.053093927749442216e-02 5.453157892442939136e-02 6.441630071240322941e-02 6.284297171802444293e-02 5.812095767050140527e-02 5.890717556271296562e-02 5.820520804491469136e-02 6.040648543643545310e-02 5.622267129172897615e-02 6.097165501501466967e-02
5.682968670689469981e-02 5.920783632243542538e-02 6.112964235731566109e-02 5.736308567862113961e-02 5.154590043209406058e-02 5.815310393901840236e-02 5.909812805622582932e-02 6.013018074915021938e-02 6.192641846949742401e-02 5.837658295690550947e-02
5.835895259591616924e-02 5.598096234642635505e-02 5.736777509261492547e-02 5.359473021035610074e-02 5.934190976038000720e-02 4.720250961777527898e-02 5.468221986456212047e-02 5.888253633836082468e-02 5.239486008689564489e-02 6.024144070270764928e-02
5.411327483533601157e-02 5.692881705394392533e-02 5.644583842527206574e-02 5.279840764119947405e-02 5.034323000043672280e-02 5.487558664014713372e-02 5.271227688596302752e-02 5.192602118025368974e-02 5.973317507500619516e-02 5.121615217269648301e-02
5.416386871910316980e-02 5.366675355919015011e-02 5.316997224048503057e-02 5.451358337790201958e-02 5.311684527597304584e-02 5.283834131707554338e-02 5.288532496814035699e-02 5.497375188687236847e-02 5.259034175968235747e-02 4.602065950147316009e-02
4.908160873130884561e-02 4.970253965173598854e-02 4.880105631437259284e-02 4.698172416670498563e-02 4.606932385947759556e-02 5.080194388937764316e-02 5.038766061337773827e-02 4.937390667226748686e-02 4.835407441703709619e-02 4.645014438159400516e-02
4.769308000688998739e-02 4.663184668591491278e-02 4.617099319727890894e-02 4.656440513120241320e-02 4.818804322357428394e-02 4.955638160585695839e-02 4.964263395537693579e-02 5.068541639142110089e-02 4.414267278329808697e-02 5.081384210462103201e-02
4.757688785311864343e-02 4.372696933263819918e-02 4.618217921931477843e-02 4.832068862892335837e-02 4.552626771699919139e-02 4.687569538684099868e-02 4.723767800453515520e-02 4.878441653699894243e-02 4.856090359721820793e-02 4.285348620722906343e-02
4.153061828616733120e-02 4.554348729538870710e-02 4.570340253046711876e-02 4.737694574139772463e-02 4.498182896716351742e-02 4.821207365174207116e-02 4.769310088241196510e-02 4.204393595997846234e-02 4.871401363504490600e-02 4.481694458870311149e-02
4.494836721453288053e-02 3.982398715276069812e-02 4.676920749489599238e-02 4.123823310742791293e-02 3.981243661859534821e-02 4.271349097479115731e-02 4.306834839508200119e-02 4.031856059680805071e-02 4.355754625840846384e-02 3.946063243026853851e-02
4.093132697491219663e-02 4.249616533972710997e-02 3.571308149094731821e-02 3.986213109472835914e-02 4.197307472986622212e-02 4.151064145251071036e-02 4.122619734910715206e-02 3.810900988795540290e-02 4.057045457426311508e-02 4.312452227053154008e-02
4.098440544371118044e-02 3.936073558233166292e-02 3.883262276071630659e-02 4.116541645960403173e-02 3.804322042995433861e-02 3.709137636828530038e-02 3.782774631026120105e-02 4.043041615183529114e-02 3.951881179477856332e-02 3.928833858220581732e-02
3.512045697498922259e-02 3.776042640658705540e-02 3.519705309222198597e-02 3.510498554212193589e-02 3.754503582082246993e-02 3.460745329844983065e-02 4.018982172149565546e-02 3.493224839767072876e-02 3.491769651969012234e-02 3.314588391721584593e-02
3.916161268459006362e-02 3.789926752164796131e-02 3.817924335119393664e-02 3.286325846658377792e-02 3.255245094722103438e-02 3.400143761394347486e-02 3.655679017591562108e-02 3.723844043161650408e-02 3.525299314741647816e-02 3.184920136275426472e-02
3.613169787176429004e-02 3.437843221374925484e-02 3.085018352694890442e-02 3.345627856192401328e-02 3.442507896894286823e-02 3.073029793238313268e-02 3.496041746557065899e-02 3.313876278640415229e-02 3.436777997691586872e-02 3.553779528641531904e-02
2.520025256902258537e-02 3.004078776303253928e-02 3.383556327125802898e-02 3.176421973257204101e-02 3.220282556368869731e-02 3.250781547061554200e-02 3.651187091873275836e-02 2.644478874875333396e-02 3.129859335444040713e-02 2.932283392045798021e-02
2.922814728373046567e-02 3.246301714519062021e-02 3.004322968992667597e-02 2.894990025504406983e-02 3.030700728177493364e-02 3.221641189891322199e-02 2.907562965965981849e-02 2.765120597439441053e-02 3.162457402912599580e-02 3.052322535024842853e-02
2.628723124834930758e-02 2.650012602560058994e-02 2.810994659648791139e-02 2.526227706963990460e-02 2.837894851844302568e-02 2.645704453786512644e-02 2.757808683371865133e-02 2.791663194956661709e-02 2.244314222548771109e-02 2.446315430842216365e-02
2.899797017794292220e-02 2.470104112875648461e-02 2.926213604671756841e-02 2.753644540343647140e-02 2.611657700866210075e-02 2.662918342982900644e-02 2.435614835712196502e-02 2.986907766127022690e-02 2.788179520635059028e-02 2.716576189196451274e-02
2.521419341068209530e-02 2.437030054800282119e-02 2.420646356372035957e-02 2.214518312345148399e-02 2.503051498614594639e-02 2.531981856734910608e-02 2.969676194581938322e-02 2.435918790334079542e-02 2.382531933038345429e-02 3.123715460714837633e-02
2.543384315902885717e-02 2.365310204448622944e-02 2.405912674987353839e-02 2.484033633744120451e-02 2.543505479927765656e-02 2.007122716329234891e-02 2.513607126217654031e-02 2.433945258947434187e-02 2.514381620051864275e-02 2.065740998659226779e-02
2.426382816522432151e-02 1.956248658447179434e-02 1.812283603972564272e-02 2.150979297777910748e-02 2.089449976333423997e-02 2.383764561928114478e-02 2.241924741499856655e-02 2.271497070880656999e-02 1.882927665838807219e-02 2.214000143139882582e-02
2.158900545256814407e-02 2.184192881348767656e-02 2.294364201478105159e-02 1.883018678662329304e-02 2.111739690322289587e-02 2.060152179300289710e-02 2.188359137859019476e-02 1.822595075401012288e-02 1.939892262199172102e-02 1.805624842529607310e-02
2.066970996004902084e-02 1.843146921926563930e-02 1.742070378940707709e-02 1.918327551587717394e-02 1.890253686554377310e-02 1.933892175639551070e-02 1.741880149590557814e-02 1.720382248475416098e-02 2.007410714104729266e-02 1.710928730792671271e-02
1.733695270877544381e-02 1.980884543111882667e-02 1.755541158007067892e-02 1.515663222360252860e-02 2.205003514153325295e-02 1.434942234015601503e-02 1.726792664913756603e-02 2.064014649474010810e-02 1.895973422835184330e-02 1.989879029205587901e-02
1.157641420118338260e-02 1.563163538468437253e-02 1.722240839733424345e-02 1.731705530104277191e-02 1.672738950114793788e-02 1.457530965026199166e-02 1.765966902513316228e-02 1.574116649372958587e-02 1.446499944229628909e-02 1.701782571677135092e-02
1.411517681276164282e-02 1.643770750058271002e-02 1.568766767227214309e-02 1.561095052806615868e-02 1.200140749547995433e-02 1.371878168755147342e-02 1.352804686182040861e-02 1.555111857416280330e-02 1.649562852224117915e-02 1.265906152756779424e-02
1.292304768611762800e-02 1.349812513735648700e-02 1.154291448412025911e-02 1.266405060231035051e-02 1.484122049382519126e-02 1.357482122069464392e-02 1.231785955437036950e-02 1.280172408730784195e-02 1.482872257648160108e-02 1.142354752705854182e-02
9.923311736798168248e-03 1.533556960779092204e-02 1.118116776716615579e-02 1.393066384495433851e-02 9.044218309958940161e-03 1.120986316217309486e-02 1.170517981067409341e-02 1.018698009880214528e-02 1.402880692414765207e-02 1.226161258116365005e-02
9.702952388385699400e-03 1.013483317059649114e-02 1.141780481033993766e-02 1.032805968876593372e-02 9.588777984319230008e-03 1.050751566937191406e-02 5.333687860984093199e-03 6.982106237546692462e-03 1.289791738965229140e-02 9.031090999513602391e-03
1.045445394413146989e-02 6.765243516713592697e-03 7.589242566691356551e-03 9.114926177483884118e-03 8.235574015363122946e-03 7.705733128150371591e-03 8.426604141497096023e-03 7.542336147563610815e-03 9.849103475785270234e-03 1.067500833443546515e-02
6.892856565670846258e-03 6.095399237290299865e-03 8.150129364671854226e-03 3.464663109869814406e-03 8.021613696597151844e-03 9.985365006451529801e-03 8.822075840309806516e-03 5.470343301087310373e-03 5.710272394099824567e-03 8.628334450656693910e-03
6.950402810823153033e-03 5.824078940169452601e-03 7.720488819041193551e-03 2.980110336283203765e-03 4.996668516370039725e-03 4.745007052688210436e-03 6.118959686120195585e-03 6.010927872250770854e-03 4.679501904507388232e-03 4.871267729933514978e-03
2.212650738431798381e-03 5.250973759660881868e-03 2.366204413925210304e-03 3.249853376476763422e-03 5.706994966651390833e-03 6.471482493021651905e-03 3.792146261473727797e-03 5.115583117548894165e-03 4.826809979102897330e-03 6.694342306830414202e-03
5.274377551020448252e-03 5.818920160681306797e-03 1.715218027076415019e-03 6.144349896821554857e-03 1.405626143263560834e-03 -2.642409813156110232e-04 2.047686949332216955e-03 4.787284862147078712e-03 3.252539839547541334e-03 4.041036985801826908e-03
4.254719515994764834e-04 3.926463873376029312e-03 3.801987491938052521e-03 1.988388117459272131e-03 1.042945251453208932e-03 3.587932626230028177e-03 5.439569789149611978e-04 1.358077361197196353e-03 1.461228667750669175e-03 -1.125822100035422935e-04
2.861155468463549845e-03 5.133237036646809415e-03 9.679297618675475334e-04 -8.611906939653968251e-04 2.037653566028585495e-03 1.758978124284493738e-03 2.597180853492919717e-03 3.115730495599211558e-03 2.001106746477132603e-03 4.305319008621744103e-04
1.224166502755030805e-03 2.471290678671245189e-03 -6.576949238531470954e-04 3.652417799329010784e-03 -1.082929424356837700e-03 -5.297529453995863946e-06 -2.955885977905636786e-03 3.102049547521468220e-03 6.138676702618361958e-04 -3.175501729175689292e-04
-2.742433770375973801e-03 -3.319699621790794808e-03 -9.383584104938336168e-04 -1.342657618494169647e-03 -9.026024021077105886e-04 1.762775577752395684e-03 1.112606095678980722e-03 -1.532144420317016476e-03 -1.106664475189256258e-03 -2.107750874824176890e-03
-2.182529121332876798e-03 -4.479406543287711706e-03 -1.546001462180868202e-03 -3.510025119717319342e-04 -4.305355932203380753e-03 -2.000447779281211425e-03 -4.165365141317933784e-03 -2.823507337784358917e-03 -4.398211320276179670e-03 -2.923919074583780642e-03
-3.054402245648679681e-03 -3.254078176447738890e-03 -8.170830466621703536e-04 -3.411549434039984341e-03 -6.534896304740245299e-03 -5.244130101971222757e-03 -1.417648517505476491e-03 -3.774927421368312608e-03 -1.241331737426465409e-03 -2.244000367864429357e-03
