7.409531616571877199e-01 7.423919715028122202e-01 7.405043219929873244e-01 7.389008419351196233e-01 7.408701924657106197e-01 7.393094724100451876e-01 7.389925111793422818e-01 7.391717695651073283e-01 7.437323449136421516e-01 7.396094051458301788e-01
7.138638331364808298e-01 7.159946761148234806e-01 7.199716242489667684e-01 7.128183846795801415e-01 7.167104435559177311e-01 7.151509779152137591e-01 7.172786139870128697e-01 7.135548891297618379e-01 7.152969118811205451e-01 7.156789206535101311e-01
6.792816825299808903e-01 6.803508538108904435e-01 6.810900138181128494e-01 6.768444261255298633e-01 6.776193429992979356e-01 6.781205982900909701e-01 6.831845308521059534e-01 6.777021213550504797e-01 6.799964944773047026e-01 6.810834219535764067e-01
6.580084720241702323e-01 6.555263814615395201e-01 6.555449683621071832e-01 6.565751333727274375e-01 6.578799695213356502e-01 6.542490995951952826e-01 6.550477950308700725e-01 6.548381711214594780e-01 6.590211566131659593e-01 6.562809808085585672e-01
6.389345850741247057e-01 6.378422574038982162e-01 6.377481933693578409e-01 6.374147597944468391e-01 6.384566044196694490e-01 6.407515818012752273e-01 6.383634964351022623e-01 6.361831455698749860e-01 6.387007892012835919e-01 6.376417695063505420e-01
6.223107887212813161e-01 6.189702597801974848e-01 6.236202733807520993e-01 6.259261019161079798e-01 6.240542498436745245e-01 6.247789088202631014e-01 6.215940549063926346e-01 6.274210535052333615e-01 6.258236352019984627e-01 6.270910722409760440e-01
6.160373195283616043e-01 6.154308224147079232e-01 6.118331697416647952e-01 6.166484306920906322e-01 6.153226935181228541e-01 6.140815905489133142e-01 6.127211735263864423e-01 6.154830212328189498e-01 6.173253516378274242e-01 6.139654419859746914e-01
6.091997971580030979e-01 6.060871986216009866e-01 6.062969076267883395e-01 6.063673068375260433e-01 6.055037518462336177e-01 6.068472514457239342e-01 6.046678481378139347e-01 6.026141635680423159e-01 6.081710283495248559e-01 6.029971986798328132e-01
6.030002000629497427e-01 5.997924892716257617e-01 6.002477638406427118e-01 6.063554330657385805e-01 5.990540222834267459e-01 6.019318795894931240e-01 5.980830683656243041e-01 6.031826287379415952e-01 5.985563168633434294e-01 5.976861358082671272e-01
5.974766074851305397e-01 5.968572903909306060e-01 5.938554414826696659e-01 5.966442108710021675e-01 5.938177797236497968e-01 5.956046962322950611e-01 5.973395558130460969e-01 5.946782015610346805e-01 5.937415075471818016e-01 5.941456055479759080e-01
