5.519671318658841841e+01
4.818743018078260576e+01
5.088075271016568024e+01
5.415340560441808293e+01
4.937202825809902862e+01
5.224405651619805724e+01
5.212877417121638501e+01
4.906551599351762860e+01
5.225502305017543137e+01
4.936786663939455622e+01
4.714893717450477340e+01
4.791089887817234683e+01
5.017991723964315298e+01
5.018717843825227476e+01
4.687216199631826896e+01
4.782816212218953211e+01
4.693083373979262518e+01
4.913895400978648809e+01
4.240584042670359111e+01
4.814219519486444909e+01
4.780337334990637999e+01
4.718813033969507842e+01
4.500587661469232614e+01
4.608214673442736142e+01
4.706236134493446599e+01
4.503614078701008339e+01
4.489036612804254389e+01
4.745751844800729913e+01
4.505002596094843881e+01
4.292355680727536082e+01
4.485023679531759200e+01
4.457992038642478150e+01
3.958574979939267280e+01
4.616076907343015279e+01
3.880686627751467199e+01
4.329337445127995210e+01
4.498369180420724689e+01
4.482776090753182530e+01
4.565233569866418861e+01
4.221194360967320591e+01
4.268238746322199262e+01
4.165519926994666378e+01
4.249702629136051257e+01
3.818320562644555594e+01
4.148329058954954007e+01
3.774028037824314907e+01
4.467583429047941479e+01
4.063772676495114666e+01
4.349623959595324152e+01
4.133528171562534226e+01
3.710957880327894998e+01
4.120681435561779438e+01
4.608522271346979693e+01
3.687073807763110267e+01
3.778450839403999595e+01
4.398557987318469742e+01
3.687063580722815459e+01
4.415759082398476920e+01
3.648432116053306373e+01
4.077615368881476599e+01
4.288041443114055085e+01
3.667560614881130476e+01
4.269672105354248970e+01
4.259522947905030321e+01
4.062073414415406347e+01
3.665640291391979133e+01
4.145410418993974133e+01
4.214017338766776533e+01
3.638939849269159765e+01
4.055878188083138269e+01
3.642601916390012207e+01
3.643871642777349251e+01
3.641848262189845542e+01
3.672989599886715695e+01
3.647735103922463651e+01
3.641047406265241904e+01
3.645493022011737594e+01
3.707044857372122948e+01
3.807355602057995014e+01
3.653064178611325019e+01
4.099692402095756449e+01
3.806236134493446599e+01
3.641332976698082291e+01
3.645389178217977388e+01
3.876482527495004149e+01
3.702772314615227600e+01
3.689003571597149289e+01
3.653297040451877820e+01
3.645720376984439071e+01
3.638917821797756602e+01
3.646703746243529309e+01
3.646684865553754662e+01
3.643211605330647984e+01
3.644798369967116258e+01
3.668289881523671880e+01
3.642455591044259222e+01
3.643645074500054903e+01
3.648260616454520999e+01
3.644482905108799997e+01
3.644482905108799997e+01
