2.965502917458407994e-01
2.979164190094945042e-01
2.979278820483242107e-01
2.980069846959778057e-01
2.963187769559221252e-01
2.967452598385681983e-01
2.963874951631748078e-01
2.974980320569467485e-01
2.978767860247719113e-01
2.982446295583444651e-01
2.965521208233654060e-01
2.986633080772165827e-01
2.976399414875851579e-01
2.996074609565774205e-01
2.976251404704055581e-01
3.023137936840380458e-01
3.009511035170981952e-01
3.018467768708599230e-01
3.013739618506272033e-01
2.999474314270664799e-01
3.013492306769697260e-01
3.011696755031197381e-01
3.012342942774108301e-01
3.073267390450361569e-01
3.012947946525318388e-01
3.059969391221460389e-01
3.020731450340532476e-01
3.021163597217393915e-01
3.077111333215427624e-01
3.096170525844507693e-01
3.043672612287353640e-01
3.033213364044810012e-01
3.137875562096518189e-01
3.104112485497835250e-01
3.195324447081502317e-01
3.217149564841826348e-01
3.239821339375855147e-01
3.260629273250121862e-01
3.248323714320015543e-01
3.435895723297156534e-01
3.351989682904842893e-01
3.673659815304805565e-01
3.627310116325618283e-01
3.532987757728420775e-01
3.484206144335473265e-01
3.691707880103237693e-01
3.840208316021511137e-01
3.806318714160106809e-01
3.711286944604745841e-01
3.602106509759330222e-01
3.607033847909203450e-01
4.030326345771434449e-01
4.083560838806561955e-01
3.932857042118777513e-01
3.754533762018699705e-01
3.984347312509924910e-01
4.349415606089557795e-01
4.359615268287441170e-01
4.143097485108148126e-01
3.956048470983145604e-01
4.455107459258876856e-01
4.322366372290392666e-01
4.441556758190333687e-01
4.192899127246935698e-01
4.696734251826983897e-01
4.796883250033909252e-01
4.786118723762849969e-01
4.663273480355035749e-01
4.876488254778730824e-01
5.194158944481859219e-01
4.922909509948407702e-01
5.158428607173296543e-01
4.800911045192226556e-01
5.439898005831828032e-01
5.395373407673448307e-01
5.027148034468001958e-01
5.110405034811925651e-01
5.463831784196621077e-01
5.580713009066072816e-01
5.087648280785219690e-01
4.794069553004705053e-01
5.069185810923729774e-01
5.043891757363384576e-01
5.354159970268044244e-01
5.865918376826562142e-01
5.564843964845983537e-01
5.667316724343621770e-01
5.571367712915786807e-01
5.332708041038742852e-01
5.858458418876297813e-01
5.828310492721524572e-01
5.962108248915246600e-01
6.136500175172830973e-01
5.668982309708548994e-01
5.998395750247241809e-01
5.911544962093006061e-01
5.913523654853984901e-01
5.868865856396465741e-01
6.101800558300363164e-01
5.913486757915056291e-01
3.495535465823755850e-01
3.516028054578140827e-01
3.770415197383568673e-01
3.692673601728712063e-01
3.653873150408711301e-01
3.887946816805480932e-01
3.694763062704653489e-01
3.779107720739728893e-01
3.723437384756381752e-01
3.839649733236674134e-01
3.830732640412262135e-01
4.409666310706065184e-01
4.055955008940538842e-01
3.857241942825889724e-01
4.237889380381720250e-01
3.885609127322783296e-01
4.147886847235063845e-01
3.830915651154755963e-01
4.040142366423895570e-01
4.154902854163775583e-01
4.046060490105697904e-01
4.328390799953684698e-01
4.343526870183168631e-01
4.259249247093727098e-01
4.254441654671040629e-01
4.498943065214635606e-01
4.261102562227462309e-01
4.527544813004313884e-01
4.511654227956548580e-01
4.404845991179603959e-01
4.287945142909281859e-01
4.647795768978452147e-01
4.335131118984281162e-01
4.166739393485180964e-01
4.535455599066258725e-01
4.895489645073966001e-01
4.508979186944893636e-01
4.449154847031282500e-01
4.368814614266121610e-01
4.522514540231450386e-01
4.286917998063414781e-01
4.800522246270721993e-01
4.964133108912751058e-01
5.018094230659198018e-01
4.678367808737459166e-01
4.922010715826856120e-01
4.621764685389261884e-01
4.518767224763834967e-01
4.641134183841186256e-01
5.045738328567043185e-01
4.622377215636043202e-01
4.751256342777310238e-01
4.498777602815777765e-01
4.534483352928676547e-01
4.487802957683430516e-01
4.705381420962542194e-01
4.645808332987378386e-01
4.902636930433152407e-01
4.645525830262086098e-01
4.528072989243983604e-01
4.867444595100499649e-01
4.443986512666232014e-01
4.599895014030067064e-01
5.040061493189610387e-01
5.035311031021688644e-01
4.929165529761488362e-01
5.049603640101077984e-01
4.352128896527303059e-01
4.772345550565090799e-01
4.783579726087038297e-01
4.730523268057366115e-01
4.954811446165275912e-01
4.951181158914660374e-01
5.045264450549794555e-01
4.914994388992547925e-01
4.369890927144954862e-01
4.766363403519051078e-01
5.086541114552147747e-01
5.084125201324359855e-01
5.112686782870803359e-01
5.044982842662887323e-01
5.045751725215319450e-01
4.468851216778666480e-01
4.948327915795542320e-01
4.930719063683016157e-01
5.057659101120423051e-01
5.044781156902099495e-01
4.439043208353396497e-01
5.051551845802555452e-01
4.840067676356449300e-01
5.042825769527158331e-01
5.052518021176667373e-01
5.048543407926997517e-01
5.050290477314133275e-01
5.049293908605430037e-01
5.050374101056303022e-01
5.050667651351273824e-01
5.044195738273660190e-01
5.049762539723224863e-01
5.049282789927136417e-01
3.026195904123653579e-01
3.023062533750221492e-01
3.024302309761472962e-01
3.021902218326459333e-01
3.059021025016430695e-01
3.019449317205851746e-01
3.050455812020931301e-01
3.049721153571067767e-01
3.048597812517980232e-01
3.116523606106162969e-01
3.065006317465355234e-01
3.090240074113604907e-01
3.072960131099204961e-01
3.127409045440997515e-01
3.098573306935391569e-01
3.137040473054106826e-01
3.128636092051220730e-01
3.124588856659812341e-01
3.149096021589034011e-01
3.338934499057009675e-01
3.143044661571271492e-01
3.220428570017038750e-01
3.254837454930280538e-01
3.270822626552913337e-01
3.340532088629421525e-01
3.277529810042916214e-01
3.435056463778482505e-01
3.308058780682775479e-01
3.290199066945191375e-01
3.620985329328821334e-01
3.516058234679981798e-01
3.841085461326936845e-01
3.656241147080280807e-01
3.577306219230644291e-01
3.623154275650363743e-01
4.260786706988526906e-01
3.712402684411160170e-01
3.832253911389004730e-01
4.559782455357392905e-01
3.536570157068899545e-01
4.274454883638250657e-01
4.134637412752292795e-01
4.869903632986870012e-01
3.887799234845603635e-01
5.341948485597706187e-01
4.859116009075921117e-01
4.726920542442252793e-01
5.256033152910075668e-01
5.638182265937572435e-01
5.795545433645483691e-01
5.310046276703194179e-01
5.643319846206045209e-01
5.868851474307429372e-01
5.714363242214596239e-01
5.963769245937537988e-01
5.767362386152423692e-01
5.987519791417331705e-01
5.947777095824416937e-01
5.939959794931553017e-01
5.663029117846201110e-01
6.189086721796759338e-01
5.783519597010579050e-01
5.808893158286209113e-01
5.762214611968888844e-01
5.496091169345611593e-01
5.974044929298431006e-01
5.654626299587699467e-01
6.367234769550629281e-01
6.016297941805082150e-01
6.107222443955929725e-01
6.256691236289542157e-01
6.259580861914946226e-01
5.995763476444546658e-01
6.331507266372586873e-01
6.314556482981937835e-01
6.182065664237232916e-01
6.205387669598847467e-01
6.301408310126863643e-01
5.950895440894096167e-01
6.274946736482702736e-01
6.031668751109682258e-01
6.181418395198530202e-01
6.089908908969836610e-01
6.343470003249437328e-01
6.307726546257771405e-01
6.286655190446157615e-01
6.101613205839770959e-01
6.276189499299071883e-01
6.280159878227996595e-01
6.450289148478060008e-01
6.335375214390936982e-01
6.343204516626486100e-01
6.314563327726332442e-01
6.309966298538157714e-01
6.336609364346822426e-01
6.230226779030401119e-01
6.296154492748861076e-01
6.345004884530150990e-01
6.343928434725071286e-01
6.344810581314737075e-01
3.521205085843734373e-01
3.698588503249963799e-01
3.504874653581857014e-01
3.585746464711281334e-01
3.614166370858891697e-01
3.879558598634481048e-01
3.638326262450289339e-01
3.775919877656439549e-01
3.723588722605787327e-01
3.950577968310274857e-01
3.852202321257601203e-01
4.113157656677654539e-01
3.863372373888774303e-01
3.909794385035605391e-01
3.958100681773721874e-01
4.191077528776539496e-01
4.103578513540676043e-01
4.054660645265973917e-01
4.044982963638285023e-01
4.102696648476971686e-01
4.099025636933915639e-01
4.283336275067737287e-01
4.066240866202732729e-01
4.454265222329389928e-01
4.742448755628594359e-01
4.228648463834340232e-01
4.337363252579569117e-01
4.265544431251140356e-01
4.393091523087011008e-01
4.277257946164417235e-01
4.448645492178918137e-01
4.376460378358743020e-01
4.734096457948211434e-01
4.286835645755688873e-01
4.620032445922643283e-01
4.892097452657490075e-01
4.795694862532897673e-01
4.230011337993268561e-01
4.176343365700396215e-01
4.646340347090038847e-01
4.468075332676333389e-01
4.677317830636790741e-01
4.480276638958916591e-01
4.649291867386217136e-01
4.733758102570445048e-01
4.506346814825278324e-01
4.478965545651851787e-01
4.893323675478226664e-01
4.543614618794959426e-01
4.848006896992959058e-01
4.528524872401194501e-01
4.554423955520905953e-01
4.907138121856309265e-01
4.305620791036835482e-01
4.731376056870858493e-01
4.573108375678905380e-01
4.923264572965494468e-01
4.537730800330759817e-01
4.986478812787756842e-01
4.817251440025556719e-01
4.673538920771070360e-01
4.714854267303696389e-01
4.752106242777946465e-01
4.925186446222618031e-01
4.714841010334275828e-01
4.638394121786548752e-01
4.644582008802780604e-01
4.753522631601744819e-01
4.932524604175987926e-01
4.553635014930620395e-01
5.040486384464828440e-01
5.072651889667605385e-01
4.686526095289600957e-01
4.654120003986766396e-01
5.054053808482245058e-01
5.044965956491362924e-01
4.290866406679545997e-01
5.053824672178256483e-01
5.067265166494391293e-01
5.020316664732512590e-01
4.717445555092096843e-01
5.108412403086167730e-01
4.824856332738255427e-01
4.890093505676454400e-01
5.056182104575857039e-01
5.064639020917609535e-01
5.059453108191236392e-01
5.064129400526121705e-01
5.047542026822759986e-01
5.049774558497168719e-01
4.587612649477282312e-01
4.904154137210073872e-01
4.933536309450416435e-01
4.783428657677465945e-01
5.044386627998328487e-01
4.898167384590587647e-01
5.049722175455773066e-01
5.041673092666502098e-01
5.047294617275102091e-01
5.049282789927136417e-01
