9.297635401293594115e-02 9.336040853808327822e-02 9.284236600677038542e-02 9.247845451281361262e-02 9.297933836748223380e-02 9.257242959201635035e-02 9.245329241820522681e-02 9.253177688219481334e-02 9.372266867367311238e-02 9.263543771955941308e-02
1.053564004872835219e-01 1.060109648462042309e-01 1.072265190422271169e-01 1.048562588167809145e-01 1.062581130290100317e-01 1.058034726288451105e-01 1.063313838787298959e-01 1.052996012505469092e-01 1.059807121544000669e-01 1.058672659309307928e-01
1.007573316348567560e-01 1.011651996813773685e-01 1.012338610718449966e-01 1.003184744194626221e-01 1.002380893542553775e-01 1.004389543180831262e-01 1.019935162133061568e-01 1.005085116457686556e-01 1.007394509631498181e-01 1.012748858416052250e-01
9.552045577666033738e-02 9.434559975541011168e-02 9.474778152539127529e-02 9.460149561646404026e-02 9.477277045731578864e-02 9.411435476987732585e-02 9.406356660537071313e-02 9.414734798075831412e-02 9.545718852349094341e-02 9.471920320841173413e-02
8.749942988809203404e-02 8.776142669184355816e-02 8.750974719200617369e-02 8.753820168102940946e-02 8.780115632771928746e-02 8.836660291607530138e-02 8.793385404339210121e-02 8.734553939284803170e-02 8.809393717012217739e-02 8.766377259237803643e-02
7.950064963356927306e-02 7.849359706055301922e-02 7.924680243907228361e-02 7.989055507904345432e-02 7.959701010849010161e-02 8.023706537636035585e-02 7.904037196046298508e-02 8.080031525542624715e-02 8.044768358308454492e-02 8.076312139086080921e-02
7.630390420377451688e-02 7.564439866093249087e-02 7.495467613396271378e-02 7.607354017545354952e-02 7.562582334626505309e-02 7.508630528269828741e-02 7.516085781273196265e-02 7.533588178083090725e-02 7.628455112597978816e-02 7.531245188357800491e-02
7.197049496003320168e-02 7.095533788557793764e-02 7.103123153581730742e-02 7.079340831133364154e-02 7.059112059543530548e-02 7.133242611331665206e-02 7.056159104010002736e-02 6.990650942369834586e-02 7.167857184065326570e-02 6.994149872750798913e-02
6.785849988551367895e-02 6.768373647487864464e-02 6.767013536628939396e-02 6.863661498740424027e-02 6.707345357491791005e-02 6.767165587974995067e-02 6.690968992912568747e-02 6.830672300370956018e-02 6.686075904136465353e-02 6.637725691090548552e-02
6.504840179288050306e-02 6.507280011047124335e-02 6.349245967285899184e-02 6.471080827004492553e-02 6.378505707962668636e-02 6.481081043825530352e-02 6.506898544348381497e-02 6.441662381695306694e-02 6.380498204035951748e-02 6.404518539936376875e-02
